100 1.0603516000111088
101 1.059970765568101
102 1.0595902868361575
103 1.0592101638110902
104 1.0588303964300139
105 1.0584509845773808
106 1.0580719280908508
107 1.0576932267669894
108 1.0573148803667918
109 1.0569368886210322
110 1.0565592512354371
111 1.0561819678956779
112 1.0558050382721873
113 1.0554284620247962
114 1.055052238807192
115 1.0546763682712008
116 1.0543008500708948
117 1.0539256838665223
118 1.0535508693282685
119 1.053176406139844
120 1.052802294001907
121 1.0524285326353193
122 1.0520551217842407
123 1.0516820612190627
124 1.0513093507391884
125 1.0509369901756551
126 1.0505649793936138
127 1.0501933182946541
128 1.0498220068189936
129 1.0494510449475245
130 1.0490804327037246
131 1.0487101701554373
132 1.0483402574165244
133 1.0479706946483895
134 1.0476014820613881
135 1.0472326199161133
136 1.0468641085245707
137 1.0464959482512453
138 1.0461281395140583
139 1.0457606827852235
140 1.0453935785920034
141 1.0450268275173709
142 1.0446604302005755
143 1.044294387337624
144 1.0439286996816737
145 1.0435633680433436
146 1.0431983932909459
147 1.042833776350641
148 1.0424695182065224
149 1.0421056199006271
150 1.041742082532882
151 1.0413789072609865
152 1.0410160953002299
153 1.0406536479232549
154 1.0402915664597623
155 1.0399298522961613
156 1.0395685068751725
157 1.0392075316953784
158 1.0388469283107302
159 1.0384866983300103
160 1.0381268434162527
161 1.0377673652861246
162 1.0374082657092696
163 1.037049546507617
164 1.0366912095546572
165 1.036333256774685
166 1.035975690142015
167 1.0356185116801664
168 1.035261723461025
169 1.034905327603979
170 1.0345493262750312
171 1.0341937216858923
172 1.0338385160930517
173 1.0334837117968334
174 1.0331293111404303
175 1.0327753165089277
176 1.0324217303283094
177 1.032068555064451
178 1.0317157932221033
179 1.0313634473438618
180 1.0310115200091305
181 1.0306600138330728
182 1.0303089314655585
183 1.0299582755901011
184 1.0296080489227928
185 1.0292582542112312
186 1.0289088942334457
187 1.0285599717968166
188 1.0282114897369965
189 1.0278634509168263
190 1.0275158582252537
191 1.0271687145762487
192 1.0268220229077212
193 1.0264757861804399
194 1.0261300073769533
195 1.0257846895005112
196 1.0254398355739913
197 1.0250954486388293
198 1.024751531753951
199 1.0244080879947106
200 1.0240651204518345
201 1.023722632230368
202 1.0233806264486316
203 1.023039106237179
204 1.0226980747377663
205 1.0223575351023255
206 1.0220174904919452
207 1.0216779440758612
208 1.0213388990304526
209 1.0210003585382477
210 1.0206623257869385
211 1.0203248039684043
212 1.0199877962777422
213 1.0196513059123102
214 1.0193153360707785
215 1.0189798899521898
216 1.0186449707550314
217 1.018310581676316
218 1.0179767259106742
219 1.0176434066494566
220 1.0173106270798478
221 1.0169783903839897
222 1.016646699738119
223 1.0163155583117112
224 1.015984969266641
225 1.0156549357563511
226 1.015325460925033
227 1.014996547906821
228 1.0146681998249958
229 1.0143404197912027
230 1.014013210904679
231 1.0136865762514957
232 1.0133605189038106
233 1.013035041919133
234 1.012710148339601
235 1.0123858411912734
236 1.012062123483429
237 1.0117389982078842
238 1.011416468338318
239 1.0110945368296136
240 1.0107732066172095
241 1.0104524806164648
242 1.0101323617220361
243 1.0098128528072694
244 1.0094939567236003
245 1.0091756762999708
246 1.0088580143422572
247 1.0085409736327098
248 1.0082245569294075
249 1.0079087669657218
250 1.0075936064497963
251 1.0072790780640377
252 1.0069651844646181
253 1.0066519282809923
254 1.0063393121154256
255 1.0060273385425347
256 1.0057160101088412
257 1.005405329332337
258 1.0050952987020636
259 1.0047859206777003
260 1.0044771976891689
261 1.004169132136247
262 1.003861726388196
263 1.0035549827833994
264 1.0032489036290146
265 1.0029434912006348
266 1.0026387477419652
267 1.0023346754645088
268 1.0020312765472654
269 1.0017285531364413
270 1.0014265073451714
271 1.0011251412532527
272 1.0008244569068885
273 1.0005244563184452
274 1.000225141466219
275 0.9999265142942148
276 0.9996285767119356
277 0.9993313305941843
278 0.9990347777808737
279 0.9987389200768498
280 0.9984437592517253
281 0.998149297039722
282 0.9978555351395267
283 0.9975624752141544
284 0.997270118890825
285 0.9969784677608461
286 0.9966875233795109
287 0.9963972872660014
288 0.9961077609033047
289 0.995818945738137
290 0.9955308431808791
291 0.9952434546055197
292 0.9949567813496091
293 0.9946708247142217
294 0.994385585963928
295 0.9941010663267753
296 0.9938172669942785
297 0.9935341891214171
298 0.993251833826644
299 0.9929702021919
300 0.9926892952626394
301 0.9924091140478611
302 0.9921296595201509
303 0.9918509326157285
304 0.9915729342345055
305 0.9912956652401489
306 0.9910191264601536
307 0.9907433186859217
308 0.9904682426728492
309 0.9901938991404209
310 0.9899202887723106
311 0.9896474122164902
312 0.9893752700853438
313 0.9891038629557902
314 0.9888331913694116
315 0.9885632558325869
316 0.9882940568166337
317 0.9880255947579563
318 0.9877578700581967
319 0.9874908830843961
320 0.9872246341691585
321 0.9869591236108218
322 0.9866943516736331
323 0.9864303185879311
324 0.9861670245503317
325 0.9859044697239209
326 0.9856426542384507
327 0.9853815781905403
328 0.9851212416438838
329 0.9848616446294589
330 0.9846027871457442
331 0.9843446691589375
332 0.9840872906031801
333 0.9838306513807841
334 0.9835747513624644
335 0.9833195903875749
336 0.9830651682643466
337 0.9828114847701312
338 0.9825585396516466
339 0.9823063326252273
340 0.9820548633770758
341 0.9818041315635203
342 0.9815541368112711
343 0.9813048787176845
344 0.9810563568510244
345 0.9808085707507321
346 0.9805615199276929
347 0.9803152038645099
348 0.9800696220157762
349 0.9798247738083523
350 0.9795806586416435
351 0.9793372758878802
352 0.9790946248923998
353 0.9788527049739297
354 0.9786115154248732
355 0.9783710555115958
356 0.978131324474713
357 0.97789232152938
358 0.9776540458655822
359 0.977416496648427
360 0.9771796730184356
361 0.9769435740918377
362 0.9767081989608652
363 0.9764735466940475
364 0.9762396163365068
365 0.976006406910255
366 0.97577391741449
367 0.9755421468258934
368 0.9753110940989262
369 0.975080758166129
370 0.9748511379384172
371 0.9746222323053803
372 0.9743940401355787
373 0.974166560276842
374 0.9739397915565661
375 0.9737137327820099
376 0.9734883827405927
377 0.9732637402001904
378 0.973039803909431
379 0.9728165725979907
380 0.9725940449768884
381 0.9723722197387791
382 0.9721510955582482
383 0.9719306710921033
384 0.9717109449796663
385 0.9714919158430642
386 0.9712735822875186
387 0.9710559429016342
388 0.9708389962576874
389 0.970622740911912
390 0.9704071754047845
391 0.9701922982613089
392 0.9699781079912985
393 0.9697646030896583
394 0.9695517820366644
395 0.9693396432982432
396 0.9691281853262481
397 0.9689174065587352
398 0.9687073054202378
399 0.9684978803220384
400 0.9682891296624404
401 0.9680810518270361
402 0.9678736451889753
403 0.9676669081092304
404 0.9674608389368613
405 0.9672554360092762
406 0.9670506976524934
407 0.9668466221813988
408 0.9666432079000037
409 0.966440453101698
410 0.9662383560695041
411 0.9660369150763276
412 0.9658361283852059
413 0.965635994249555
414 0.9654365109134146
415 0.9652376766116904
416 0.9650394895703954
417 0.964841948006888
418 0.9646450501301089
419 0.964448794140815
420 0.964253178231812
421 0.9640582005881846
422 0.9638638593875243
423 0.963670152800155
424 0.963477078989357
425 0.9632846361115879
426 0.9630928223167022
427 0.9629016357481682
428 0.9627110745432829
429 0.9625211368333839
430 0.9623318207440609
431 0.9621431243953626
432 0.9619550459020032
433 0.9617675833735657
434 0.961580734914704
435 0.9613944986253403
436 0.9612088726008643
437 0.9610238549323259
438 0.9608394437066282
439 0.960655637006718
440 0.9604724329117729
441 0.9602898294973876
442 0.9601078248357572
443 0.9599264169958575
444 0.9597456040436251
445 0.959565384042133
446 0.9593857550517659
447 0.9592067151303918
448 0.9590282623335322
449 0.9588503947145299
450 0.9586731103247144
451 0.9584964072135657
452 0.9583202834288748
453 0.9581447370169037
454 0.9579697660225411
455 0.9577953684894579
456 0.9576215424602595
457 0.9574482859766359
458 0.95727559707951
459 0.9571034738091845
460 0.9569319142054846
461 0.9567609163079009
462 0.9565904781557291
463 0.9564205977882069
464 0.9562512732446508
465 0.956082502564589
466 0.9559142837878933
467 0.9557466149549085
468 0.9555794941065798
469 0.9554129192845787
470 0.9552468885314261
471 0.9550813998906145
472 0.9549164514067269
473 0.9547520411255547
474 0.954588167094214
475 0.9544248273612584
476 0.954262019976792
477 0.9540997429925788
478 0.9539379944621507
479 0.9537767724409141
480 0.9536160749862546
481 0.9534559001576397
482 0.9532962460167186
483 0.9531371106274228
484 0.952978492056062
485 0.9528203883714206
486 0.9526627976448508
487 0.9525057179503651
488 0.9523491473647262
489 0.9521930839675363
490 0.9520375258413234
491 0.9518824710716265
492 0.9517279177470801
493 0.9515738639594954
494 0.9514203078039413
495 0.9512672473788224
496 0.9511146807859572
497 0.9509626061306529
498 0.9508110215217803
499 0.9506599250718459
500 0.9505093148970631
501 0.9503591891174215
502 0.9502095458567554
503 0.9500603832428106
504 0.9499116994073091
505 0.9497634924860128
506 0.9496157606187865
507 0.9494685019496582
508 0.9493217146268788
509 0.9491753968029808
510 0.9490295466348343
511 0.9488841622837034
512 0.9487392419152996
513 0.9485947836998354
514 0.9484507858120753
515 0.948307246431387
516 0.9481641637417891
517 0.9480215359320008
518 0.9478793611954867
519 0.9477376377305036
520 0.9475963637401443
521 0.9474555374323802
522 0.9473151570201043
523 0.9471752207211709
524 0.9470357267584354
525 0.9468966733597939
526 0.946758058758219
527 0.9466198811917977
528 0.946482138903766
529 0.9463448301425424
530 0.9462079531617628
531 0.9460715062203107
532 0.9459354875823506
533 0.9457998955173558
534 0.9456647283001396
535 0.9455299842108824
536 0.9453956615351592
537 0.9452617585639662
538 0.9451282735937458
539 0.9449952049264115
540 0.9448625508693714
541 0.9447303097355507
542 0.9445984798434138
543 0.9444670595169854
544 0.9443360470858702
545 0.9442054408852725
546 0.9440752392560153
547 0.9439454405445568
548 0.943816043103008
549 0.943687045289149
550 0.9435584454664444
551 0.9434302420040569
552 0.9433024332768624
553 0.9431750176654625
554 0.9430479935561974
555 0.9429213593411568
556 0.9427951134181919
557 0.9426692541909246
558 0.9425437800687584
559 0.9424186894668863
560 0.9422939808063001
561 0.9421696525137973
562 0.9420457030219886
563 0.9419221307693043
564 0.9417989342000003
565 0.9416761117641631
566 0.9415536619177145
567 0.9414315831224158
568 0.9413098738458718
569 0.9411885325615328
570 0.9410675577486975
571 0.9409469478925154
572 0.9408267014839874
573 0.9407068170199674
574 0.9405872930031617
575 0.94046812794213
576 0.9403493203512839
577 0.9402308687508864
578 0.9401127716670493
579 0.939995027631733
580 0.939877635182742
581 0.9397605928637236
582 0.9396438992241632
583 0.9395275528193816
584 0.9394115522105305
585 0.9392958959645874
586 0.9391805826543509
587 0.9390656108584358
588 0.9389509791612665
589 0.9388366861530713
590 0.9387227304298759
591 0.938609110593496
592 0.9384958252515313
593 0.9383828730173561
594 0.9382702525101129
595 0.9381579623547033
596 0.9380460011817802
597 0.9379343676277374
598 0.9378230603347024
599 0.9377120779505255
600 0.9376014191287698
601 0.9374910825287028
602 0.9373810668152839
603 0.937271370659155
604 0.9371619927366295
605 0.9370529317296804
606 0.9369441863259297
607 0.9368357552186364
608 0.9367276371066843
609 0.9366198306945698
610 0.9365123346923898
611 0.936405147815829
612 0.9362982687861466
613 0.9361916963301639
614 0.9360854291802502
615 0.9359794660743102
616 0.9358738057557693
617 0.9357684469735602
618 0.9356633884821092
619 0.9355586290413208
620 0.9354541674165645
621 0.9353500023786592
622 0.9352461327038587
623 0.9351425571738372
624 0.935039274575673
625 0.9349362837018348
626 0.9348335833501643
627 0.9347311723238625
628 0.9346290494314727
629 0.9345272134868654
630 0.9344256633092215
631 0.9343243977230166
632 0.9342234155580047
633 0.9341227156492021
634 0.93402229683687
635 0.9339221579664991
636 0.9338222978887913
637 0.9337227154596448
638 0.9336234095401355
639 0.9335243789965
640 0.93342562270012
641 0.9333271395275032
642 0.9332289283602674
643 0.9331309880851223
644 0.9330333175938518
645 0.9329359157832974
646 0.9328387815553395
647 0.9327419138168803
648 0.9326453114798258
649 0.9325489734610677
650 0.9324528986824663
651 0.9323570860708313
652 0.9322615345579052
653 0.9321662430803432
654 0.9320712105796973
655 0.9319764360023968
656 0.9318819182997299
657 0.9317876564278259
658 0.9316936493476371
659 0.9315998960249199
660 0.9315063954302165
661 0.9314131465388364
662 0.9313201483308388
663 0.9312273997910122
664 0.9311348999088578
665 0.9310426476785703
666 0.9309506420990185
667 0.9308588821737278
668 0.9307673669108614
669 0.9306760953232011
670 0.9305850664281288
671 0.9304942792476089
672 0.9304037328081679
673 0.9303134261408771
674 0.9302233582813332
675 0.9301335282696399
676 0.9300439351503891
677 0.9299545779726425
678 0.9298654557899123
679 0.9297765676601432
680 0.9296879126456934
681 0.9295994898133157
682 0.9295112982341397
683 0.9294233369836515
684 0.9293356051416771
685 0.9292481017923621
686 0.9291608260241542
687 0.9290737769297837
688 0.9289869536062457
689 0.9289003551547811
690 0.9288139806808577
691 0.928727829294153
692 0.9286419001085342
693 0.9285561922420404
694 0.928470704816864
695 0.9283854369593327
696 0.9283003877998903
697 0.9282155564730792
698 0.9281309421175212
699 0.9280465438759001
700 0.9279623608949426
701 0.9278783923254001
702 0.9277946373220317
703 0.9277110950435838
704 0.9276277646527745
705 0.9275446453162735
706 0.9274617362046848
707 0.9273790364925286
708 0.9272965453582238
709 0.927214261984069
710 0.9271321855562255
711 0.9270503152646987
712 0.9269686503033212
713 0.9268871898697343
714 0.92680593316537
715 0.9267248793954344
716 0.9266440277688888
717 0.9265633774984329
718 0.9264829278004875
719 0.9264026778951754
720 0.9263226270063062
721 0.9262427743613569
722 0.926163119191456
723 0.926083660731365
724 0.9260043982194622
725 0.9259253308977244
726 0.9258464580117108
727 0.9257677788105453
728 0.9256892925468994
729 0.9256109984769754
730 0.9255328958604893
731 0.9254549839606544
732 0.9253772620441636
733 0.9252997293811733
734 0.9252223852452863
735 0.9251452289135356
736 0.9250682596663667
737 0.9249914767876227
738 0.9249148795645263
739 0.9248384672876641
740 0.9247622392509699
741 0.9246861947517087
742 0.9246103330904599
743 0.9245346535711018
744 0.9244591555007948
745 0.9243838381899657
746 0.9243087009522912
747 0.9242337431046825
748 0.9241589639672692
749 0.9240843628633829
750 0.9240099391195421
751 0.9239356920654361
752 0.9238616210339097
753 0.9237877253609469
754 0.9237140043856559
755 0.9236404574502534
756 0.9235670839000492
757 0.9234938830834308
758 0.923420854351848
759 0.923347997059798
760 0.9232753105648094
761 0.9232027942274285
762 0.9231304474112023
763 0.9230582694826654
764 0.9229862598113238
765 0.9229144177696402
766 0.92284274273302
767 0.9227712340797953
768 0.9226998911912111
769 0.9226287134514103
770 0.9225577002474195
771 0.9224868509691337
772 0.922416165009303
773 0.9223456417635169
774 0.9222752806301912
775 0.9222050810105527
776 0.9221350423086259
777 0.9220651639312183
778 0.9219954452879064
779 0.921925885791022
780 0.9218564848556375
781 0.9217872418995533
782 0.9217181563432825
783 0.9216492276100381
784 0.9215804551257191
785 0.9215118383188967
786 0.9214433766208009
787 0.9213750694653069
788 0.9213069162889215
789 0.9212389165307701
790 0.921171069632583
791 0.9211033750386821
792 0.9210358321959683
793 0.9209684405539073
794 0.9209011995645175
795 0.9208341086823568
796 0.9207671673645089
797 0.9207003750705713
798 0.9206337312626423
799 0.9205672354053074
800 0.9205008869656275
801 0.9204346854131262
802 0.9203686302197767
803 0.9203027208599894
804 0.9202369568105999
805 0.9201713375508557
806 0.9201058625624048
807 0.9200405313292827
808 0.9199753433379005
809 0.9199102980770328
810 0.9198453950378053
811 0.9197806337136827
812 0.9197160136004571
813 0.9196515341962356
814 0.919587195001429
815 0.9195229955187392
816 0.9194589352531481
817 0.9193950137119058
818 0.9193312304045181
819 0.9192675848427365
820 0.9192040765405451
821 0.9191407050141501
822 0.9190774697819679
823 0.919014370364614
824 0.9189514062848916
825 0.9188885770677805
826 0.9188258822404253
827 0.9187633213321251
828 0.9187008938743222
829 0.9186385994005904
830 0.9185764374466249
831 0.918514407550231
832 0.9184525092513133
833 0.9183907420918647
834 0.9183291056159558
835 0.9182675993697248
836 0.9182062229013658
837 0.9181449757611186
838 0.918083857501259
839 0.9180228676760868
840 0.9179620058419168
841 0.9179012715570675
842 0.9178406643818511
843 0.9177801838785637
844 0.9177198296114741
845 0.9176596011468149
846 0.9175994980527709
847 0.9175395198994705
848 0.9174796662589746
849 0.9174199367052674
850 0.9173603308142464
851 0.9173008481637118
852 0.9172414883333581
853 0.9171822509047627
854 0.9171231354613777
855 0.9170641415885196
856 0.9170052688733592
857 0.9169465169049134
858 0.9168878852740343
859 0.9168293735734008
860 0.9167709813975086
861 0.9167127083426609
862 0.91665455400696
863 0.9165965179902967
864 0.9165385998943419
865 0.9164807993225376
866 0.9164231158800868
867 0.9163655491739464
868 0.9163080988128159
869 0.91625076440713
870 0.9161935455690494
871 0.9161364419124514
872 0.9160794530529218
873 0.9160225786077459
874 0.9159658181958994
875 0.9159091714380403
876 0.9158526379564998
877 0.9157962173752744
878 0.9157399093200165
879 0.9156837134180266
880 0.9156276292982447
881 0.9155716565912414
882 0.9155157949292106
883 0.91546004394596
884 0.915404403276904
885 0.9153488725590543
886 0.9152934514310129
887 0.9152381395329631
888 0.9151829365066619
889 0.9151278419954318
890 0.9150728556441527
891 0.9150179770992543
892 0.9149632060087076
893 0.9149085420220179
894 0.9148539847902158
895 0.9147995339658508
896 0.9147451892029825
897 0.9146909501571734
898 0.9146368164854807
899 0.9145827878464496
900 0.9145288639001052
901 0.9144750443079446
902 0.9144213287329302
903 0.9143677168394818
904 0.9143142082934688
905 0.9142608027622039
906 0.9142074999144348
907 0.9141542994203374
908 0.9141012009515083
909 0.9140482041809578
910 0.9139953087831025
911 0.9139425144337587
912 0.9138898208101344
913 0.9138372275908229
914 0.9137847344557958
915 0.9137323410863959
916 0.9136800471653298
917 0.913627852376662
918 0.9135757564058072
919 0.9135237589395236
920 0.9134718596659064
921 0.9134200582743809
922 0.9133683544556956
923 0.9133167479019161
924 0.9132652383064175
925 0.9132138253638789
926 0.9131625087702757
927 0.9131112882228744
928 0.9130601634202244
929 0.9130091340621534
930 0.9129581998497595
931 0.9129073604854056
932 0.9128566156727126
933 0.9128059651165534
934 0.9127554085230466
935 0.91270494559955
936 0.9126545760546546
937 0.9126042995981782
938 0.9125541159411596
939 0.9125040247958522
940 0.9124540258757177
941 0.9124041188954207
942 0.9123543035708221
943 0.9123045796189737
944 0.9122549467581111
945 0.9122054047076494
946 0.9121559531881758
947 0.9121065919214449
948 0.9120573206303721
949 0.9120081390390282
950 0.9119590468726334
951 0.911910043857552
952 0.9118611297212862
953 0.9118123041924705
954 0.9117635670008666
955 0.9117149178773568
956 0.9116663565539397
957 0.9116178827637237
958 0.9115694962409215
959 0.9115211967208457
960 0.9114729839399015
961 0.9114248576355828
962 0.9113768175464667
963 0.9113288634122071
964 0.9112809949735304
965 0.9112332119722298
966 0.9111855141511599
967 0.9111379012542318
968 0.9110903730264075
969 0.9110429292136949
970 0.9109955695631426
971 0.9109482938228352
972 0.9109011017418872
973 0.9108539930704388
974 0.9108069675596506
975 0.9107600249616985
976 0.9107131650297685
977 0.9106663875180526
978 0.9106196921817425
979 0.910573078777026
980 0.9105265470610812
981 0.9104800967920719
982 0.9104337277291433
983 0.9103874396324163
984 0.9103412322629837
985 0.910295105382904
986 0.9102490587551982
987 0.9102030921438449
988 0.9101572053137741
989 0.9101113980308644
990 0.9100656700619374
991 0.9100200211747534
992 0.9099744511380068
993 0.9099289597213212
994 0.9098835466952453
995 0.9098382118312486
996 0.9097929549017161
997 0.9097477756799445
998 0.9097026739401377
999 0.9096576494574022
