E_1A: 0.5416794752305181
E_1B: 0.6225634001259658
E_LA_A: 0.37152389175458894
E_LA_B: 0.2803701019846533
E_LB_A: 0.37125707880963454
E_LB_B: 1.0640367810799136
