E_1A: 0.5416794752305181
E_1B: 0.8741746283223233
E_LA_A: 0.37152389175458894
E_LA_B: 0.4901842381942309
E_LB_A: 1.3404171664601756
E_LB_B: 0.46367839009823997
