E_1A: 0.5416794752305181
E_1B: 2.3575528571382023
E_LA_A: 0.37152389175458894
E_LA_B: 1.231782849631013
E_LB_A: 3.640765406078798
E_LB_B: 2.982766720168453
