E_1A: 0.5416794752305181
E_1B: 1.1879650424911106
E_LA_A: 0.37152389175458894
E_LA_B: 0.27769871720866524
E_LB_A: 0.9574624846233211
E_LB_B: 2.834546848810826
