E_1A: 0.5416794752305181
E_1B: 0.5183646649002197
E_LA_A: 0.37152389175458894
E_LA_B: 0.5206642116208938
E_LB_A: 0.16210465685357064
E_LB_B: 0.5062903149954294
