E_1A: 0.5416794752305181
E_1B: 2.095261514395007
E_LA_A: 0.37152389175458894
E_LA_B: 0.6276278784338033
E_LB_A: 1.928576694207652
E_LB_B: 0.4941933458591643
