100 0.5608166305751406
101 0.5606405653834943
102 0.5604656601180489
103 0.560291892279786
104 0.5601192400257828
105 0.5599476821521036
106 0.5597771980767713
107 0.5596077678228567
108 0.5594393720017259
109 0.559271991796477
110 0.5591056089455939
111 0.558940205726844
112 0.5587757649414373
113 0.5586122698984687
114 0.5584497043996546
115 0.5582880527243783
116 0.5581272996150551
117 0.5579674302628214
118 0.5578084302935569
119 0.5576502857542434
120 0.5574929830996616
121 0.5573365091794286
122 0.5571808512253759
123 0.5570259968392659
124 0.5568719339808468
125 0.5567186509562414
126 0.5565661364066672
127 0.5564143792974837
128 0.5562633689075622
129 0.5561130948189725
130 0.5559635469069811
131 0.5558147153303565
132 0.5556665905219731
133 0.5555191631797087
134 0.5553724242576299
135 0.5552263649574564
136 0.5550809767202999
137 0.5549362512186696
138 0.5547921803487368
139 0.5546487562228536
140 0.5545059711623171
141 0.554363817690374
142 0.5542222885254561
143 0.5540813765746435
144 0.5539410749273467
145 0.5538013768492012
146 0.5536622757761687
147 0.5535237653088392
148 0.5533858392069262
149 0.5532484913839507
150 0.5531117159021065
151 0.552975506967302
152 0.5528398589243739
153 0.5527047662524632
154 0.5525702235605543
155 0.5524362255831657
156 0.5523027671761921
157 0.5521698433128897
158 0.5520374490800021
159 0.5519055796740198
160 0.551774230397572
161 0.5516433966559421
162 0.5515130739537065
163 0.5513832578914911
164 0.5512539441628391
165 0.5511251285511916
166 0.550996806926971
167 0.5508689752447684
168 0.5507416295406297
169 0.5506147659294349
170 0.5504883806023719
171 0.5503624698244971
172 0.5502370299323821
173 0.550112057331843
174 0.5499875484957499
175 0.5498634999619122
176 0.5497399083310384
177 0.5496167702647683
178 0.5494940824837733
179 0.5493718417659228
180 0.5492500449445169
181 0.5491286889065783
182 0.5490077705912068
183 0.5488872869879885
184 0.5487672351354632
185 0.5486476121196442
186 0.5485284150725892
187 0.548409641171023
188 0.5482912876350061
189 0.5481733517266513
190 0.5480558307488846
191 0.5479387220442491
192 0.5478220229937499
193 0.5477057310157414
194 0.5475898435648501
195 0.5474743581309375
196 0.5473592722380977
197 0.5472445834436898
198 0.547130289337404
199 0.5470163875403605
200 0.546902875704238
201 0.5467897515104344
202 0.5466770126692545
203 0.5465646569191273
204 0.5464526820258488
205 0.5463410857818519
206 0.5462298660055009
207 0.5461190205404103
208 0.5460085472547864
209 0.5458984440407929
210 0.545788708813936
211 0.5456793395124725
212 0.5455703340968368
213 0.5454616905490877
214 0.5453534068723745
215 0.5452454810904203
216 0.5451379112470234
217 0.5450306954055756
218 0.544923831648596
219 0.5448173180772821
220 0.5447111528110736
221 0.5446053339872333
222 0.5444998597604404
223 0.5443947283023978
224 0.544289937801453
225 0.5441854864622312
226 0.5440813725052802
227 0.5439775941667281
228 0.5438741496979512
229 0.5437710373652537
230 0.5436682554495575
231 0.5435658022461026
232 0.5434636760641565
233 0.5433618752267337
234 0.5432603980703254
235 0.543159242944635
236 0.5430584082123255
237 0.5429578922487729
238 0.5428576934418283
239 0.542757810191588
240 0.5426582409101698
241 0.5425589840214978
242 0.5424600379610933
243 0.542361401175872
244 0.5422630721239485
245 0.5421650492744464
246 0.5420673311073145
247 0.5419699161131483
248 0.5418728027930177
249 0.5417759896583003
250 0.5416794752305181
251 0.5415832580411813
252 0.5414873366316361
253 0.5413917095529162
254 0.5412963753656002
255 0.5412013326396725
256 0.541106579954389
257 0.5410121158981457
258 0.5409179390683521
259 0.5408240480713082
260 0.5407304415220852
261 0.5406371180444086
262 0.5405440762705469
263 0.5404513148412009
264 0.540358832405398
265 0.5402666276203889
266 0.5401746991515471
267 0.5400830456722716
268 0.5399916658638917
269 0.5399005584155748
270 0.5398097220242372
271 0.539719155394456
272 0.5396288572383853
273 0.5395388262756722
274 0.5394490612333775
275 0.5393595608458969
276 0.5392703238548847
277 0.5391813490091792
278 0.5390926350647313
279 0.5390041807845324
280 0.538915984938547
281 0.5388280463036447
282 0.538740363663535
283 0.5386529358087034
284 0.5385657615363495
285 0.5384788396503254
286 0.5383921689610768
287 0.5383057482855849
288 0.5382195764473097
289 0.5381336522761343
290 0.5380479746083113
291 0.5379625422864096
292 0.5378773541592623
293 0.5377924090819163
294 0.5377077059155828
295 0.5376232435275886
296 0.5375390207913285
297 0.5374550365862192
298 0.5373712897976528
299 0.5372877793169528
300 0.5372045040413302
301 0.5371214628738401
302 0.53703865472334
303 0.5369560785044482
304 0.5368737331375029
305 0.5367916175485228
306 0.5367097306691679
307 0.5366280714367008
308 0.5365466387939485
309 0.5364654316892664
310 0.5363844490765007
311 0.5363036899149529
312 0.536223153169344
313 0.5361428378097807
314 0.5360627428117198
315 0.5359828671559358
316 0.5359032098284865
317 0.5358237698206815
318 0.5357445461290484
319 0.5356655377553028
320 0.5355867437063153
321 0.5355081629940818
322 0.5354297946356925
323 0.5353516376533015
324 0.535273691074098
325 0.5351959539302756
326 0.5351184252590053
327 0.5350411041024047
328 0.5349639895075115
329 0.5348870805262544
330 0.5348103762154265
331 0.5347338756366572
332 0.5346575778563858
333 0.5345814819458341
334 0.5345055869809809
335 0.5344298920425353
336 0.5343543962159109
337 0.5342790985912002
338 0.5342039982631497
339 0.5341290943311343
340 0.5340543858991325
341 0.533979872075702
342 0.5339055519739553
343 0.5338314247115352
344 0.5337574894105915
345 0.5336837451977565
346 0.5336101912041219
347 0.5335368265652153
348 0.5334636504209771
349 0.5333906619157376
350 0.533317860198194
351 0.5332452444213883
352 0.533172813742684
353 0.5331005673237446
354 0.533028504330511
355 0.53295662393318
356 0.5328849253061824
357 0.5328134076281609
358 0.5327420700819493
359 0.5326709118545506
360 0.5325999321371162
361 0.5325291301249248
362 0.5324585050173612
363 0.5323880560178957
364 0.5323177823340639
365 0.5322476831774451
366 0.532177757763643
367 0.5321080053122645
368 0.5320384250469008
369 0.5319690161951061
370 0.5318997779883778
371 0.5318307096621382
372 0.5317618104557128
373 0.5316930796123117
374 0.5316245163790106
375 0.5315561200067305
376 0.5314878897502187
377 0.5314198248680302
378 0.5313519246225082
379 0.5312841882797651
380 0.5312166151096639
381 0.5311492043857989
382 0.5310819553854781
383 0.5310148673897036
384 0.5309479396831538
385 0.5308811715541644
386 0.5308145622947108
387 0.5307481112003896
388 0.5306818175704006
389 0.5306156807075283
390 0.5305496999181246
391 0.530483874512091
392 0.5304182038028601
393 0.5303526871073787
394 0.5302873237460901
395 0.5302221130429158
396 0.5301570543252393
397 0.530092146923888
398 0.530027390173116
399 0.529962783410587
400 0.5298983259773575
401 0.5298340172178593
402 0.5297698564798827
403 0.5297058431145599
404 0.5296419764763479
405 0.5295782559230118
406 0.5295146808156085
407 0.5294512505184696
408 0.5293879643991856
409 0.5293248218285888
410 0.5292618221807371
411 0.5291989648328984
412 0.5291362491655337
413 0.5290736745622808
414 0.5290112404099393
415 0.5289489460984533
416 0.5288867910208965
417 0.528824774573456
418 0.5287628961554165
419 0.5287011551691445
420 0.5286395510200731
421 0.528578083116686
422 0.5285167508705022
423 0.5284555536960605
424 0.5283944910109043
425 0.5283335622355663
426 0.528272766793553
427 0.5282121041113299
428 0.5281515736183064
429 0.5280911747468205
430 0.5280309069321242
431 0.5279707696123682
432 0.5279107622285877
433 0.527850884224687
434 0.5277911350474251
435 0.5277315141464015
436 0.5276720209740409
437 0.5276126549855792
438 0.5275534156390489
439 0.5274943023952647
440 0.5274353147178097
441 0.5273764520730205
442 0.5273177139299733
443 0.5272590997604698
444 0.5272006090390234
445 0.5271422412428451
446 0.5270839958518292
447 0.5270258723485398
448 0.5269678702181974
449 0.5269099889486644
450 0.5268522280304317
451 0.5267945869566059
452 0.5267370652228943
453 0.5266796623275929
454 0.5266223777715718
455 0.5265652110582628
456 0.5265081616936454
457 0.5264512291862341
458 0.5263944130470648
459 0.5263377127896821
460 0.526281127930126
461 0.526224657986919
462 0.5261683024810531
463 0.5261120609359772
464 0.5260559328775838
465 0.525999917834197
466 0.5259440153365591
467 0.5258882249178184
468 0.5258325461135165
469 0.5257769784615756
470 0.5257215215022867
471 0.5256661747782965
472 0.5256109378345953
473 0.5255558102185053
474 0.5255007914796671
475 0.525445881170029
476 0.5253910788438338
477 0.5253363840576077
478 0.5252817963701474
479 0.5252273153425085
480 0.5251729405379945
481 0.5251186715221434
482 0.5250645078627172
483 0.5250104491296897
484 0.5249564948952351
485 0.5249026447337162
486 0.5248488982216728
487 0.5247952549378105
488 0.5247417144629893
489 0.5246882763802121
490 0.5246349402746131
491 0.5245817057334473
492 0.5245285723460785
493 0.524475539703969
494 0.5244226074006673
495 0.5243697750317987
496 0.5243170421950528
497 0.5242644084901738
498 0.5242118735189483
499 0.524159436885196
500 0.5241070981947576
501 0.5240548570554855
502 0.5240027130772313
503 0.523950665871837
504 0.5238987150531232
505 0.5238468602368798
506 0.5237951010408538
507 0.5237434370847408
508 0.5236918679901736
509 0.5236403933807119
510 0.5235890128818326
511 0.5235377261209192
512 0.5234865327272517
513 0.5234354323319966
514 0.5233844245681971
515 0.5233335090707625
516 0.5232826854764591
517 0.5232319534238994
518 0.5231813125535331
519 0.5231307625076369
520 0.5230803029303047
521 0.5230299334674382
522 0.522979653766737
523 0.5229294634776893
524 0.522879362251562
525 0.5228293497413913
526 0.5227794256019741
527 0.5227295894898569
528 0.5226798410633281
529 0.522630179982408
530 0.5225806059088395
531 0.5225311185060788
532 0.5224817174392868
533 0.5224324023753197
534 0.5223831729827196
535 0.5223340289317059
536 0.5222849698941664
537 0.522235995543648
538 0.5221871055553481
539 0.5221382996061057
540 0.5220895773743929
541 0.5220409385403054
542 0.5219923827855549
543 0.5219439097934594
544 0.5218955192489352
545 0.5218472108384885
546 0.5217989842502061
547 0.5217508391737481
548 0.521702775300338
549 0.5216547923227559
550 0.521606889935329
551 0.521559067833924
552 0.5215113257159383
553 0.5214636632802921
554 0.5214160802274206
555 0.521368576259265
556 0.5213211510792654
557 0.5212738043923517
558 0.5212265359049368
559 0.521179345324908
560 0.5211322323616184
561 0.5210851967258808
562 0.5210382381299584
563 0.5209913562875574
564 0.5209445509138195
565 0.520897821725314
566 0.5208511684400301
567 0.5208045907773695
568 0.5207580884581388
569 0.5207116612045415
570 0.5206653087401713
571 0.5206190307900036
572 0.5205728270803893
573 0.5205266973390466
574 0.5204806412950536
575 0.5204346586788415
576 0.5203887492221871
577 0.5203429126582056
578 0.5202971487213434
579 0.5202514571473706
580 0.5202058376733748
581 0.520160290037753
582 0.5201148139802053
583 0.5200694092417276
584 0.5200240755646046
585 0.519978812692403
586 0.5199336203699646
587 0.5198884983433996
588 0.5198434463600791
589 0.5197984641686293
590 0.5197535515189243
591 0.5197087081620795
592 0.5196639338504444
593 0.5196192283375967
594 0.5195745913783355
595 0.5195300227286747
596 0.519485522145836
597 0.5194410893882435
598 0.5193967242155162
599 0.519352426388462
600 0.5193081956690716
601 0.5192640318205113
602 0.5192199346071179
603 0.5191759037943912
604 0.5191319391489886
605 0.5190880404387187
606 0.5190442074325347
607 0.5190004399005287
608 0.5189567376139257
609 0.5189131003450769
610 0.5188695278674542
611 0.5188260199556441
612 0.5187825763853416
613 0.5187391969333441
614 0.518695881377546
615 0.5186526294969322
616 0.5186094410715726
617 0.5185663158826161
618 0.5185232537122855
619 0.5184802543438702
620 0.5184373175617223
621 0.5183944431512495
622 0.5183516308989102
623 0.5183088805922076
624 0.5182661920196842
625 0.5182235649709158
626 0.5181809992365068
627 0.518138494608084
628 0.5180960508782912
629 0.518053667840784
630 0.5180113452902242
631 0.5179690830222745
632 0.517926880833593
633 0.5178847385218279
634 0.5178426558856123
635 0.5178006327245589
636 0.5177586688392547
637 0.5177167640312559
638 0.5176749181030821
639 0.5176331308582123
640 0.5175914021010786
641 0.5175497316370619
642 0.5175081192724863
643 0.5174665648146144
644 0.517425068071642
645 0.5173836288526933
646 0.517342246967816
647 0.5173009222279761
648 0.517259654445053
649 0.5172184434318347
650 0.5171772890020133
651 0.5171361909701795
652 0.5170951491518183
653 0.5170541633633037
654 0.5170132334218948
655 0.5169723591457299
656 0.5169315403538232
657 0.5168907768660584
658 0.516850068503186
659 0.5168094150868171
660 0.5167688164394193
661 0.5167282723843125
662 0.516687782745664
663 0.5166473473484835
664 0.5166069660186201
665 0.5165666385827558
666 0.5165263648684028
667 0.516486144703898
668 0.516445977918399
669 0.5164058643418796
670 0.5163658038051259
671 0.5163257961397308
672 0.5162858411780913
673 0.5162459387534029
674 0.5162060886996558
675 0.5161662908516309
676 0.5161265450448951
677 0.5160868511157976
678 0.5160472089014654
679 0.5160076182397991
680 0.5159680789694694
681 0.5159285909299118
682 0.515889153961324
683 0.5158497679046603
684 0.5158104326016291
685 0.5157711478946877
686 0.515731913627039
687 0.5156927296426268
688 0.515653595786133
689 0.5156145119029726
690 0.5155754778392904
691 0.5155364934419565
692 0.5154975585585635
693 0.5154586730374215
694 0.5154198367275551
695 0.5153810494786991
696 0.5153423111412953
697 0.5153036215664879
698 0.5152649806061205
699 0.5152263881127321
700 0.5151878439395535
701 0.5151493479405034
702 0.5151108999701849
703 0.5150724998838819
704 0.5150341475375557
705 0.5149958427878408
706 0.514957585492042
707 0.51491937550813
708 0.5148812126947391
709 0.5148430969111626
710 0.5148050280173495
711 0.5147670058739017
712 0.5147290303420696
713 0.5146911012837494
714 0.514653218561479
715 0.5146153820384355
716 0.5145775915784311
717 0.5145398470459096
718 0.5145021483059439
719 0.5144644952242318
720 0.5144268876670933
721 0.514389325501467
722 0.5143518085949067
723 0.5143143368155786
724 0.5142769100322575
725 0.5142395281143243
726 0.514202190931762
727 0.514164898355153
728 0.5141276502556759
729 0.5140904465051022
730 0.5140532869757933
731 0.5140161715406973
732 0.5139791000733459
733 0.5139420724478513
734 0.5139050885389035
735 0.5138681482217663
736 0.5138312513722758
737 0.5137943978668356
738 0.5137575875824154
739 0.5137208203965469
740 0.5136840961873214
741 0.5136474148333865
742 0.5136107762139438
743 0.5135741802087452
744 0.5135376266980906
745 0.5135011155628244
746 0.5134646466843334
747 0.5134282199445436
748 0.5133918352259167
749 0.5133554924114486
750 0.5133191913846656
751 0.5132829320296218
752 0.5132467142308966
753 0.5132105378735916
754 0.5131744028433284
755 0.5131383090262448
756 0.5131022563089935
757 0.5130662445787383
758 0.5130302737231517
759 0.5129943436304126
760 0.5129584541892034
761 0.5129226052887068
762 0.5128867968186044
763 0.512851028669073
764 0.5128153007307822
765 0.5127796128948926
766 0.5127439650530521
767 0.5127083570973942
768 0.5126727889205348
769 0.5126372604155705
770 0.5126017714760752
771 0.5125663219960981
772 0.5125309118701611
773 0.5124955409932566
774 0.5124602092608442
775 0.5124249165688497
776 0.5123896628136609
777 0.5123544478921268
778 0.512319271701554
779 0.5122841341397051
780 0.5122490351047958
781 0.5122139744954928
782 0.5121789522109116
783 0.5121439681506136
784 0.5121090222146045
785 0.5120741143033313
786 0.5120392443176803
787 0.5120044121589752
788 0.511969617728974
789 0.5119348609298674
790 0.5119001416642763
791 0.5118654598352498
792 0.5118308153462622
793 0.5117962081012118
794 0.5117616380044182
795 0.51172710496062
796 0.5116926088749729
797 0.5116581496530473
798 0.5116237272008263
799 0.5115893414247035
800 0.5115549922314808
801 0.5115206795283667
802 0.5114864032229732
803 0.511452163223315
804 0.5114179594378064
805 0.5113837917752596
806 0.5113496601448828
807 0.5113155644562779
808 0.5112815046194383
809 0.5112474805447477
810 0.5112134921429766
811 0.511179539325282
812 0.5111456220032042
813 0.5111117400886652
814 0.5110778934939669
815 0.5110440821317888
816 0.5110103059151861
817 0.5109765647575882
818 0.5109428585727961
819 0.5109091872749812
820 0.5108755507786825
821 0.5108419489988056
822 0.5108083818506204
823 0.5107748492497588
824 0.5107413511122139
825 0.5107078873543368
826 0.5106744578928363
827 0.5106410626447754
828 0.5106077015275707
829 0.5105743744589905
830 0.5105410813571517
831 0.5105078221405198
832 0.5104745967279061
833 0.5104414050384658
834 0.510408246991697
835 0.5103751225074379
836 0.510342031505866
837 0.510308973907496
838 0.5102759496331777
839 0.5102429586040951
840 0.5102100007417636
841 0.5101770759680295
842 0.5101441842050675
843 0.510111325375379
844 0.5100784994017907
845 0.5100457062074534
846 0.510012945715839
847 0.5099802178507403
848 0.5099475225362686
849 0.5099148596968521
850 0.5098822292572344
851 0.5098496311424727
852 0.5098170652779369
853 0.509784531589307
854 0.5097520300025721
855 0.5097195604440287
856 0.509687122840279
857 0.5096547171182298
858 0.5096223432050905
859 0.5095900010283716
860 0.5095576905158832
861 0.5095254115957335
862 0.5094931641963277
863 0.5094609482463655
864 0.5094287636748405
865 0.5093966104110383
866 0.5093644883845353
867 0.5093323975251967
868 0.5093003377631756
869 0.5092683090289112
870 0.5092363112531274
871 0.5092043443668314
872 0.5091724083013124
873 0.5091405029881398
874 0.5091086283591622
875 0.5090767843465055
876 0.5090449708825721
877 0.509013187900039
878 0.5089814353318566
879 0.5089497131112473
880 0.508918021171704
881 0.5088863594469893
882 0.5088547278711331
883 0.5088231263784321
884 0.5087915549034481
885 0.508760013381007
886 0.5087285017461969
887 0.5086970199343672
888 0.5086655678811273
889 0.5086341455223449
890 0.508602752794145
891 0.5085713896329087
892 0.5085400559752716
893 0.5085087517581229
894 0.5084774769186037
895 0.5084462313941058
896 0.5084150151222708
897 0.5083838280409888
898 0.5083526700883964
899 0.5083215412028764
900 0.5082904413230562
901 0.5082593703878063
902 0.5082283283362397
903 0.5081973151077099
904 0.5081663306418104
905 0.508135374878373
906 0.5081044477574671
907 0.508073549219398
908 0.5080426792047056
909 0.5080118376541644
910 0.5079810245087807
911 0.5079502397097925
912 0.5079194831986681
913 0.5078887549171051
914 0.5078580548070284
915 0.5078273828105905
916 0.5077967388701691
917 0.5077661229283666
918 0.507735534928009
919 0.5077049748121444
920 0.5076744425240421
921 0.5076439380071917
922 0.5076134612053016
923 0.5075830120622985
924 0.5075525905223253
925 0.5075221965297413
926 0.5074918300291201
927 0.5074614909652492
928 0.5074311792831283
929 0.5074008949279688
930 0.5073706378451927
931 0.507340407980431
932 0.5073102052795234
933 0.5072800296885169
934 0.5072498811536645
935 0.507219759621425
936 0.5071896650384607
937 0.5071595973516381
938 0.5071295565080249
939 0.5070995424548911
940 0.507069555139706
941 0.5070395945101386
942 0.5070096605140562
943 0.5069797530995234
944 0.5069498722148007
945 0.5069200178083446
946 0.5068901898288055
947 0.5068603882250271
948 0.5068306129460463
949 0.5068008639410905
950 0.5067711411595784
951 0.5067414445511181
952 0.5067117740655065
953 0.5066821296527281
954 0.5066525112629543
955 0.5066229188465424
956 0.5065933523540348
957 0.506563811736158
958 0.5065342969438217
959 0.5065048079281176
960 0.5064753446403194
961 0.5064459070318807
962 0.5064164950544352
963 0.506387108659795
964 0.5063577477999502
965 0.5063284124270682
966 0.5062991024934919
967 0.5062698179517399
968 0.5062405587545054
969 0.5062113248546545
970 0.5061821162052268
971 0.5061529327594333
972 0.506123774470656
973 0.5060946412924474
974 0.5060655331785291
975 0.5060364500827913
976 0.5060073919592921
977 0.5059783587622563
978 0.5059493504460749
979 0.5059203669653041
980 0.5058914082746645
981 0.5058624743290409
982 0.5058335650834802
983 0.505804680493192
984 0.505775820513547
985 0.5057469851000763
986 0.505718174208471
987 0.5056893877945811
988 0.5056606258144145
989 0.505631888224137
990 0.5056031749800707
991 0.5055744860386939
992 0.50554582135664
993 0.5055171808906965
994 0.505488564597805
995 0.5054599724350599
996 0.5054314043597076
997 0.505402860329146
998 0.5053743403009239
999 0.5053458442327401
