E_1A: 0.5416794752305181
E_1B: 0.7561108830876178
E_LA_A: 0.37152389175458894
E_LA_B: 0.6183694640061737
E_LB_A: 1.2084267688560189
E_LB_B: 0.7615068157896309
