E_1A: 0.5416794752305181
E_1B: 0.4777567544588153
E_LA_A: 0.37152389175458894
E_LA_B: 0.24013887923727603
E_LB_A: 0.3836413085680074
E_LB_B: 0.45674255205355807
