E_1A: 0.5416794752305181
E_1B: 0.9511128510646668
E_LA_A: 0.37152389175458894
E_LA_B: 0.40504798021517513
E_LB_A: 0.44513959021760946
E_LB_B: 0.4342338720106408
