E_1A: 0.5416794752305181
E_1B: 0.36434184353082727
E_LA_A: 0.37152389175458894
E_LA_B: 0.2215534757190333
E_LB_A: 0.35364348192114187
E_LB_B: 0.39185917875313225
