E_1A: 0.5416794752305181
E_1B: 0.4524799116876254
E_LA_A: 0.37152389175458894
E_LA_B: 0.2462377989069636
E_LB_A: 0.19627234703554952
E_LB_B: 0.3379735931885334
