100 0.4077674285933111
101 0.407521609275728
102 0.4072758504454732
103 0.4070301506350485
104 0.4067845084365793
105 0.4065389224998884
106 0.4062933915306842
107 0.40604791428885856
108 0.4058024895868861
109 0.40555711628832025
110 0.4053117933063793
111 0.405066519602617
112 0.404821294185674
113 0.40457611611010313
114 0.4043309844752666
115 0.4040858984242978
116 0.403840857143127
117 0.4035958598595644
118 0.40335090584243877
119 0.4031059944007877
120 0.4028611248830958
121 0.40261629667657917
122 0.4023715092065118
123 0.4021267619355927
124 0.40188205436335006
125 0.4016373860255808
126 0.4013927564938237
127 0.4011481653748625
128 0.4009036123102584
129 0.4006590969759101
130 0.40041461908163856
131 0.40017017837079566
132 0.3999257746198955
133 0.39968140763826554
134 0.3994370772677182
135 0.39919278338223924
136 0.3989485258876939
137 0.3987043047215487
138 0.3984601198526067
139 0.398215971280758
140 0.39797185903674126
141 0.39772778318191815
142 0.3974837438080575
143 0.3972397410371304
144 0.396995775021114
145 0.39675184594180374
146 0.39650795401063427
147 0.3962640994685061
148 0.3960202825856204
149 0.395776503661319
150 0.3955327630239296
151 0.39528906103061673
152 0.3950453980672369
153 0.39480177454819726
154 0.39455819091631894
155 0.3943146476427026
156 0.3940711452265972
157 0.3938276841952715
158 0.39358426510388694
159 0.3933408885353734
160 0.39309755510030514
161 0.39285426543677887
162 0.39261102021029254
163 0.39236782011362464
164 0.39212466586671346
165 0.3918815582165377
166 0.3916384979369959
167 0.3913954858287856
168 0.391152522719283
169 0.39090960946242104
170 0.39066674693856657
171 0.3904239360543974
172 0.3901811777427768
173 0.38993847296262796
174 0.38969582269880587
175 0.38945322796196835
176 0.38921068978844464
177 0.3889682092401024
178 0.3887257874042129
179 0.3884834253933131
180 0.38824112434506686
181 0.3879988854221224
182 0.38775670981196836
183 0.38751459872678623
184 0.38727255340330125
185 0.38703057510262984
186 0.3867886651101243
187 0.3865468247352144
188 0.3863050553112471
189 0.3860633581953215
190 0.385821734768122
191 0.385580186433748
192 0.3853387146195401
193 0.38509732077590353
194 0.3848560063761275
195 0.38461477291620216
196 0.3843736219146315
197 0.38413255491224313
198 0.3838915734719945
199 0.3836506791787757
200 0.3834098736392089
201 0.383169158481444
202 0.3829285353549508
203 0.3826880059303082
204 0.38244757189898876
205 0.38220723497314085
206 0.3819669968853666
207 0.38172685938849626
208 0.3814868242553593
209 0.38124689327855205
210 0.38100706827020125
211 0.3807673510617247
212 0.3805277435035879
213 0.38028824746505796
214 0.38004886483395267
215 0.3798095975163879
216 0.37957044743652
217 0.37933141653628594
218 0.37909250677513945
219 0.37885372012978374
220 0.378615058593902
221 0.37837652417788314
222 0.3781381189085453
223 0.3778998448288562
224 0.3776617039976501
225 0.37742369848934126
226 0.3771858303936357
227 0.3769481018152386
228 0.37671051487355933
229 0.3764730717024144
230 0.37623577444972583
231 0.37599862527721883
232 0.3757616263601151
233 0.3755247798868249
234 0.3752880880586355
235 0.3750515530893977
236 0.37481517720521007
237 0.37457896264410034
238 0.3743429116557052
239 0.3741070265009471
240 0.37387130945171
241 0.37363576279051164
242 0.3734003888101756
243 0.3731651898134999
244 0.3729301681129249
245 0.3726953260301987
246 0.3724606658960415
247 0.372226190049808
248 0.37199190083914857
249 0.3717578006196691
250 0.3715238917545889
251 0.3712901766143985
252 0.3710566575765151
253 0.3708233370249381
254 0.3705902173499027
255 0.37035730094753344
256 0.37012459021949606
257 0.3698920875726499
258 0.3696597954186984
259 0.36942771617383996
260 0.3691958522584179
261 0.3689642060965705
262 0.36873278011588045
263 0.36850157674702433
264 0.3682705984234216
265 0.36803984758088454
266 0.36780932665726734
267 0.36757903809211584
268 0.3673489843263175
269 0.36711916780175197
270 0.3668895909609416
271 0.3666602562467028
272 0.3664311661017985
273 0.36620232296859057
274 0.3659737292886933
275 0.3657453875026282
276 0.3655173000494793
277 0.3652894693665497
278 0.3650618978890195
279 0.36483458804960434
280 0.3646075422782163
281 0.3643807630016252
282 0.3641542526431219
283 0.36392801362218336
284 0.36370204835413866
285 0.3634763592498376
286 0.3632509487153206
287 0.36302581915149057
288 0.3628009729537869
289 0.3625764125118612
290 0.36235214020925566
291 0.36212815842308327
292 0.36190446952371014
293 0.3616810758744405
294 0.3614579798312042
295 0.3612351837422461
296 0.36101268994781877
297 0.3607905007798773
298 0.36056861856177674
299 0.36034704560797287
300 0.36012578422372504
301 0.3599048367048025
302 0.3596842053371932
303 0.3594638923968158
304 0.359243900149235
305 0.3590242308493792
306 0.35880488674126215
307 0.35858587005770765
308 0.35836718302007675
309 0.3581488278379994
310 0.3579308067091087
311 0.35771312181877907
312 0.357495775339867
313 0.35727876943245673
314 0.35706210624360807
315 0.35684578790710875
316 0.35662981654322984
317 0.35641419425848536
318 0.35619892314539514
319 0.35598400528225155
320 0.35576944273289035
321 0.3555552375464648
322 0.35534139175722407
323 0.3551279073842954
324 0.35491478643146995
325 0.35470203088699304
326 0.3544896427233577
327 0.35427762389710293
328 0.3540659763486155
329 0.3538547020019359
330 0.3536438027645683
331 0.35343328052729467
332 0.35322313716399295
333 0.3530133745314592
334 0.3528039944692341
335 0.3525949987994334
336 0.35238638932658234
337 0.3521781678374549
338 0.35197033610091627
339 0.3517628958677701
340 0.3515558488706097
341 0.3513491968236738
342 0.3511429414227057
343 0.35093708434481713
344 0.3507316272483565
345 0.3505265717727808
346 0.3503219195385319
347 0.35011767214691697
348 0.3499138311799932
349 0.34971039820045663
350 0.34950737475153487
351 0.3493047623568843
352 0.34910256252049127
353 0.34890077672657727
354 0.34869940643950836
355 0.3484984531037089
356 0.3482979181435788
357 0.3480978029634153
358 0.3478981089473385
359 0.3476988374592212
360 0.3474999898426225
361 0.3473015674207254
362 0.3471035714962785
363 0.3469060033515416
364 0.34670886424823505
365 0.3465121554274931
366 0.34631587810982123
367 0.34612003349505716
368 0.34592462276233565
369 0.3457296470700572
370 0.34553510755586037
371 0.345341005336598
372 0.3451473415083171
373 0.34495411714624186
374 0.34476133330476116
375 0.34456899101741945
376 0.34437709129691013
377 0.3441856351350743
378 0.3439946235029013
379 0.34380405735053376
380 0.3436139376072759
381 0.34342426518160424
382 0.34323504096118357
383 0.34304626581288405
384 0.3428579405828033
385 0.3426700660962907
386 0.3424826431579755
387 0.3422956725517973
388 0.3421091550410409
389 0.3419230913683724
390 0.34173748225588046
391 0.34155232840511845
392 0.34136763049715113
393 0.3411833891926035
394 0.34099960513171257
395 0.3408162789343817
396 0.34063341120023855
397 0.3404510025086947
398 0.3402690534190087
399 0.3400875644703513
400 0.3399065361818737
401 0.33972596905277763
402 0.3395458635623891
403 0.3393662201702328
404 0.33918703931611144
405 0.33900832142018456
406 0.3388300668830522
407 0.3386522760858389
408 0.3384749493902814
409 0.33829808713881754
410 0.3381216896546777
411 0.33794575724197834
412 0.3377702901858174
413 0.33759528875237166
414 0.3374207531889967
415 0.33724668372432764
416 0.33707308056838275
417 0.3368999439126683
418 0.33672727393028556
419 0.33655507077603897
420 0.3363833345865467
421 0.3362120654803523
422 0.33604126355803826
423 0.3358709289023408
424 0.3357010615782666
425 0.3355316616332104
426 0.3353627290970747
427 0.3351942639823904
428 0.3350262662844385
429 0.33485873598137417
430 0.33469167303435043
431 0.33452507738764486
432 0.3343589489687857
433 0.33419328768868056
434 0.3340280934417452
435 0.3338633661060338
436 0.33369910554337007
437 0.3335353115994794
438 0.33337198410412217
439 0.333209122871227
440 0.3330467276990262
441 0.33288479837019075
442 0.332723334651967
443 0.3325623362963135
444 0.33240180304003847
445 0.33224173460493867
446 0.3320821306979379
447 0.33192299101122646
448 0.33176431522240174
449 0.3316061029946082
450 0.3314483539766785
451 0.33129106780327505
452 0.331134244095032
453 0.330977882458697
454 0.33082198248727396
455 0.3306665437601661
456 0.3305115658433182
457 0.33035704828936113
458 0.3302029906377542
459 0.3300493924149294
460 0.32989625313443527
461 0.32974357229708023
462 0.32959134939107726
463 0.3294395838921874
464 0.3292882752638643
465 0.32913742295739745
466 0.328987026412057
467 0.3288370850552373
468 0.3286875983026004
469 0.3285385655582207
470 0.3283899862147274
471 0.32824185965344854
472 0.3280941852445542
473 0.3279469623471992
474 0.3278001903096659
475 0.32765386846950684
476 0.32750799615368664
477 0.32736257267872404
478 0.3272175973508332
479 0.3270730694660653
480 0.32692898831044864
481 0.3267853531601296
482 0.32664216328151224
483 0.3264994179313981
484 0.32635711635712483
485 0.3262152577967053
486 0.32607384147896507
487 0.32593286662368054
488 0.32579233244171546
489 0.3256522381351577
490 0.32551258289745516
491 0.32537336591355076
492 0.3252345863600175
493 0.32509624340519266
494 0.32495833620931075
495 0.3248208639246368
496 0.32468382569559845
497 0.3245472206589171
498 0.3244110479437393
499 0.3242753066717663
500 0.32413999595738374
501 0.3240051149077904
502 0.32387066262312586
503 0.32373663819659776
504 0.3236030407146085
505 0.3234698692568805
506 0.3233371228965814
507 0.32320480070044794
508 0.3230729017289094
509 0.32294142503621004
510 0.3228103696705306
511 0.3226797346741094
512 0.32254951908336227
513 0.3224197219290017
514 0.322290342236155
515 0.3221613790244821
516 0.32203283130829186
517 0.321904698096658
518 0.3217769783935337
519 0.3216496711978661
520 0.32152277550370867
521 0.321396290300334
522 0.32127021457234495
523 0.32114454729978487
524 0.3210192874582473
525 0.3208944340189846
526 0.32076998594901546
527 0.32064594221123166
528 0.3205223017645042
529 0.32039906356378783
530 0.32027622656022553
531 0.320153789701251
532 0.32003175193069133
533 0.319910112188868
534 0.31978886941269696
535 0.3196680225357884
536 0.3195475704885449
537 0.3194275121982589
538 0.31930784658920924
539 0.3191885725827571
540 0.31906968909744016
541 0.3189511950490665
542 0.3188330893508076
543 0.3187153709132902
544 0.3185980386446867
545 0.3184810914508059
546 0.31836452823518135
547 0.31824834789916
548 0.3181325493419891
549 0.31801713146090255
550 0.31790209315120616
551 0.3177874333063621
552 0.31767315081807257
553 0.31755924457636175
554 0.31744571346965816
555 0.31733255638487495
556 0.3172197722074897
557 0.31710735982162347
558 0.31699531811011855
559 0.31688364595461604
560 0.3167723422356311
561 0.31666140583262925
562 0.3165508356240999
563 0.3164406304876303
564 0.31633078929997793
565 0.31622131093714223
566 0.3161121942744354
567 0.31600343818655247
568 0.3158950415476401
569 0.315787003231365
570 0.3156793221109811
571 0.3155719970593961
572 0.31546502694923706
573 0.3153584106529151
574 0.3152521470426894
575 0.3151462349907301
576 0.31504067336918073
577 0.3149354610502194
578 0.31483059690611953
579 0.3147260798093095
580 0.3146219086324314
581 0.3145180822483995
582 0.3144145995304573
583 0.314311459352234
584 0.3142086605878004
585 0.3141062021117234
586 0.3140040827991207
587 0.3139023015257135
588 0.3138008571678797
589 0.313699748602705
590 0.31359897470803455
591 0.31349853436252284
592 0.3133984264456832
593 0.31329864983793687
594 0.31319920342066065
595 0.31310008607623435
596 0.3130012966880874
597 0.31290283414074455
598 0.31280469731987104
599 0.3127068851123171
600 0.3126093964061613
601 0.3125122300907541
602 0.3124153850567593
603 0.31231886019619665
604 0.3122226544024819
605 0.3121267665704676
606 0.3120311955964823
607 0.3119359403783697
608 0.31184099981552676
609 0.31174637280894124
610 0.3116520582612289
611 0.31155805507666945
612 0.3114643621612425
613 0.31137097842266237
614 0.31127790277041256
615 0.3111851341157797
616 0.3110926713718865
617 0.3110005134537244
618 0.3109086592781856
619 0.3108171077640943
620 0.3107258578322377
621 0.310634908405396
622 0.31054425840837196
623 0.3104539067680205
624 0.3103638524132762
625 0.3102740942751824
626 0.31018463128691753
627 0.3100954623838227
628 0.3100065865034276
629 0.30991800258547636
630 0.30982970957195277
631 0.30974170640710486
632 0.30965399203746935
633 0.30956656541189514
634 0.3094794254815664
635 0.3093925712000253
636 0.3093060015231943
637 0.30921971540939774
638 0.3091337118193829
639 0.30904798971634073
640 0.3089625480659263
641 0.3088773858362785
642 0.30879250199803904
643 0.30870789552437167
644 0.3086235653909804
645 0.3085395105761274
646 0.3084557300606507
647 0.30837222282798105
648 0.3082889878641587
649 0.30820602415784937
650 0.3081233307003606
651 0.3080409064856563
652 0.3079587505103725
653 0.3078768617738314
654 0.30779523927805574
655 0.3077138820277826
656 0.3076327890304766
657 0.30755195929634305
658 0.30747139183834055
659 0.30739108567219314
660 0.3073110398164022
661 0.30723125329225787
662 0.30715172512385036
663 0.3070724543380807
664 0.30699343996467116
665 0.306914681036175
666 0.30683617658798673
667 0.30675792565835136
668 0.3066799272883731
669 0.30660218052202476
670 0.3065246844061555
671 0.3064474379904994
672 0.30637044032768307
673 0.30629369047323307
674 0.3062171874855833
675 0.3061409304260815
676 0.3060649183589961
677 0.3059891503515225
678 0.30591362547378903
679 0.3058383427988623
680 0.3057633014027533
681 0.30568850036442186
682 0.3056139387657819
683 0.3055396156917059
684 0.3054655302300295
685 0.30539168147155504
686 0.30531806851005594
687 0.3052446904422797
688 0.3051715463679519
689 0.3050986353897786
690 0.3050259566134495
691 0.3049535091476405
692 0.3048812921040161
693 0.3048093045972313
694 0.30473754574493367
695 0.30466601466776516
696 0.304594710489363
697 0.30452363233636165
698 0.3044527793383933
699 0.3043821506280888
700 0.3043117453410784
701 0.30424156261599206
702 0.30417160159445944
703 0.3041018614211103
704 0.304032341243574
705 0.3039630402124792
706 0.30389395748145326
707 0.30382509220712156
708 0.3037564435491065
709 0.30368801067002643
710 0.3036197927354943
711 0.3035517889141161
712 0.3034839983774895
713 0.3034164203002019
714 0.30334905385982824
715 0.30328189823692936
716 0.30321495261504927
717 0.30314821618071297
718 0.30308168812342373
719 0.3030153676356606
720 0.30294925391287497
721 0.30288334615348816
722 0.3028176435588879
723 0.3027521453334252
724 0.3026868506844107
725 0.3026217588221112
726 0.30255686895974593
727 0.30249218031348285
728 0.30242769210243436
729 0.3023634035486536
730 0.30229931387712994
731 0.30223542231578465
732 0.3021717280954668
733 0.30210823044994817
734 0.30204492861591903
735 0.301981821832983
736 0.3019189093436526
737 0.30185619039334366
738 0.30179366423037074
739 0.3017313301059416
740 0.3016691872741521
741 0.3016072349919805
742 0.3015454725192824
743 0.30148389911878487
744 0.3014225140560807
745 0.30136131659962284
746 0.3013003060207184
747 0.30123948159352265
748 0.30117884259503325
749 0.3011183883050839
750 0.3010581180063383
751 0.30099803098428357
752 0.3009381265272244
753 0.3008784039262763
754 0.30081886247535916
755 0.30075950147119057
756 0.3007003202132795
757 0.3006413180039196
758 0.3005824941481818
759 0.3005238479539082
760 0.300465378731705
761 0.3004070857949352
762 0.3003489684597121
763 0.30029102604489194
764 0.30023325787206656
765 0.3001756632655567
766 0.3001182415524044
767 0.30006099206236597
768 0.3000039141279043
769 0.29994700708418187
770 0.299890270269053
771 0.2998337030230566
772 0.2997773046894083
773 0.29972107461399333
774 0.29966501214535857
775 0.29960911663470496
776 0.2995533874358799
777 0.29949782390536944
778 0.2994424254022905
779 0.299387191288383
780 0.2993321209280021
781 0.29927721368811044
782 0.29922246893827
783 0.29916788605063405
784 0.29911346439993963
785 0.2990592033634992
786 0.29900510232119276
787 0.2989511606554594
788 0.29889737775128983
789 0.2988437529962179
790 0.2987902857803126
791 0.2987369754961694
792 0.29868382153890316
793 0.2986308233061387
794 0.29857798019800336
795 0.29852529161711855
796 0.2984727569685914
797 0.29842037566000645
798 0.29836814710141774
799 0.29831607070534
800 0.2982641458867405
801 0.2982123720630308
802 0.2981607486540584
803 0.2981092750820983
804 0.2980579507718444
805 0.2980067751504017
806 0.29795574764727734
807 0.2979048676943724
808 0.29785413472597355
809 0.29780354817874455
810 0.29775310749171774
811 0.29770281210628585
812 0.2976526614661933
813 0.2976026550175278
814 0.29755279220871217
815 0.2975030724904954
816 0.29745349531594467
817 0.2974040601404366
818 0.2973547664216488
819 0.2973056136195517
820 0.29725660119639974
821 0.297207728616723
822 0.29715899534731877
823 0.2971104008572433
824 0.29706194461780294
825 0.297013626102546
826 0.29696544478725423
827 0.2969174001499342
828 0.2968694916708091
829 0.29682171883231023
830 0.2967740811190685
831 0.29672657801790603
832 0.29667920901782785
833 0.2966319736100132
834 0.2965848712878076
835 0.2965379015467137
836 0.29649106388438395
837 0.2964443578006111
838 0.29639778279732076
839 0.2963513383785623
840 0.29630502405050113
841 0.29625883932140995
842 0.29621278370166043
843 0.2961668567037152
844 0.29612105784211906
845 0.2960753866334914
846 0.2960298425965171
847 0.29598442525193885
848 0.2959391341225485
849 0.29589396873317947
850 0.29584892861069734
851 0.2958040132839931
852 0.2957592222839736
853 0.2957145551435544
854 0.295670011397651
855 0.2956255905831708
856 0.2955812922390052
857 0.2955371159060212
858 0.29549306112705337
859 0.2954491274468958
860 0.295405314412294
861 0.2953616215719369
862 0.2953180484764487
863 0.29527459467838113
864 0.2952312597322048
865 0.29518804319430214
866 0.2951449446229587
867 0.2951019635783554
868 0.29505909962256077
869 0.2950163523195228
870 0.2949737212350614
871 0.29493120593685995
872 0.2948888059944582
873 0.2948465209792437
874 0.2948043504644446
875 0.2947622940251214
876 0.2947203512381593
877 0.2946785216822609
878 0.2946368049379377
879 0.294595200587503
880 0.2945537082150639
881 0.2945123274065138
882 0.2944710577495246
883 0.29442989883353937
884 0.2943888502497643
885 0.29434791159116164
886 0.2943070824524416
887 0.29426636243005533
888 0.294225751122187
889 0.29418524812874675
890 0.2941448530513627
891 0.29410456549337366
892 0.2940643850598223
893 0.294024311357447
894 0.29398434399467455
895 0.29394448258161326
896 0.29390472673004536
897 0.29386507605341955
898 0.2938255301668441
899 0.29378608868707917
900 0.29374675123252986
901 0.29370751742323886
902 0.29366838688087943
903 0.293629359228748
904 0.29359043409175717
905 0.2935516110964287
906 0.2935128898708862
907 0.2934742700448482
908 0.2934357512496211
909 0.293397333118092
910 0.293359015284722
911 0.29332079738553907
912 0.2932826790581308
913 0.29324465994163823
914 0.29320673967674815
915 0.2931689179056867
916 0.29313119427221246
917 0.2930935684216095
918 0.2930560400006806
919 0.2930186086577407
920 0.2929812740426099
921 0.29294403580660666
922 0.2929068936025416
923 0.2928698470847102
924 0.2928328959088866
925 0.29279603973231666
926 0.2927592782137116
927 0.2927226110132415
928 0.2926860377925282
929 0.29264955821463956
930 0.29261317194408226
931 0.29257687864679593
932 0.29254067799014605
933 0.2925045696429182
934 0.29246855327531107
935 0.2924326285589305
936 0.29239679516678285
937 0.2923610527732689
938 0.2923254010541775
939 0.29228983968667893
940 0.29225436834931934
941 0.2922189867220139
942 0.29218369448604087
943 0.2921484913240354
944 0.29211337691998346
945 0.2920783509592153
946 0.29204341312840015
947 0.29200856311553913
948 0.29197380060996003
949 0.291939125302311
950 0.2919045368845542
951 0.29187003504996045
952 0.2918356194931028
953 0.29180128990985077
954 0.29176704599736436
955 0.2917328874540884
956 0.29169881397974623
957 0.2916648252753345
958 0.2916309210431167
959 0.29159710098661795
960 0.29156336481061873
961 0.29152971222114954
962 0.29149614292548504
963 0.29146265663213816
964 0.291429253050855
965 0.29139593189260843
966 0.2913626928695931
967 0.29132953569521947
968 0.2912964600841084
969 0.2912634657520858
970 0.29123055241617646
971 0.2911977197945993
972 0.2911649676067616
973 0.2911322955732532
974 0.29109970341584185
975 0.29106719085746685
976 0.29103475762223463
977 0.2910024034354126
978 0.2909701280234244
979 0.29093793111384403
980 0.2909058124353912
981 0.2908737717179255
982 0.29084180869244153
983 0.2908099230910634
984 0.29077811464703984
985 0.2907463830947388
986 0.2907147281696424
987 0.29068314960834163
988 0.2906516471485315
989 0.2906202205290059
990 0.2905888694896523
991 0.29055759377144713
992 0.29052639311645034
993 0.2904952672678007
994 0.29046421596971084
995 0.29043323896746187
996 0.29040233600739906
997 0.2903715068369266
998 0.29034075120450276
999 0.29031006885963506
