E_1A: 0.5416794752305181
E_1B: 1.5429653513926251
E_LA_A: 0.37152389175458894
E_LA_B: 0.512261547000372
E_LB_A: 0.22302989790898495
E_LB_B: 0.03941774166619842
