100 0.4243181412457272
101 0.4241795854222385
102 0.4240410573867632
103 0.4239025584326685
104 0.42376408990155034
105 0.42362565318285805
106 0.4234872497134764
107 0.42334888097726575
108 0.423210548504561
109 0.4230722538716314
110 0.42293399870009996
111 0.4227957846563278
112 0.42265761345075953
113 0.42251948683723556
114 0.4223814066122702
115 0.4222433746142972
116 0.42210539272288544
117 0.42196746285792486
118 0.4218295869787844
119 0.4216917670834447
120 0.4215540052076048
121 0.4214163034237667
122 0.4212786638402976
123 0.42114108860047234
124 0.4210035798814967
125 0.4208661398935139
126 0.4207287708785949
127 0.4205914751097145
128 0.4204542548897147
129 0.42031711255025606
130 0.42018005045075896
131 0.42004307097733623
132 0.4199061765417175
133 0.41976936958016803
134 0.4196326525524014
135 0.41949602794048896
136 0.4193594982477663
137 0.41922306599773784
138 0.41908673373298055
139 0.41895050401404876
140 0.41881437941837973
141 0.4186783625392017
142 0.4185424559844461
143 0.4184066623756625
144 0.41827098434693916
145 0.41813542454383085
146 0.41799998562229107
147 0.4178646702476132
148 0.4177294810933793
149 0.4175944208404181
150 0.4174594921757717
151 0.41732469779167375
152 0.41719004038453644
153 0.41705552265395046
154 0.41692114730169605
155 0.4167869170307659
156 0.41665283454440166
157 0.41651890254514295
158 0.4163851237338903
159 0.41625150080898177
160 0.4161180364652845
161 0.4159847333933002
162 0.415851594278286
163 0.4157186217993905
164 0.4155858186288053
165 0.41545318743093235
166 0.4153207308615673
167 0.4151884515670985
168 0.4150563521837231
169 0.41492443533667944
170 0.4147927036394953
171 0.4146611596932538
172 0.41452980608587586
173 0.41439864539141935
174 0.41426768016939525
175 0.41413691296410116
176 0.41400634630397115
177 0.4138759827009439
178 0.413745824649846
179 0.4136158746277946
180 0.41348613509361515
181 0.4133566084872769
182 0.41322729722934587
183 0.41309820372045347
184 0.41296933034078304
185 0.41284067944957265
186 0.41271225338463435
187 0.4125840544618903
188 0.4124560849749252
189 0.41232834719455475
190 0.41220084336841106
191 0.4120735757205429
192 0.4119465464510328
193 0.41181975773562995
194 0.41169321172539747
195 0.4115669105463769
196 0.4114408562992662
197 0.4113150510591141
198 0.41118949687502865
199 0.4110641957699007
200 0.4109391497401422
201 0.4108143607554379
202 0.4106898307585126
203 0.41056556166491076
204 0.41044155536279114
205 0.4103178137127342
206 0.4101943385475632
207 0.41007113167217807
208 0.40994819486340245
209 0.4098255298698432
210 0.4097031384117624
211 0.4095810221809618
212 0.4094591828406789
213 0.40933762202549484
214 0.4092163413412544
215 0.4090953423649966
216 0.40897462664489687
217 0.4088541957002199
218 0.40873405102128335
219 0.4086141940694316
220 0.4084946262770202
221 0.40837534904740996
222 0.4082563637549708
223 0.40813767174509546
224 0.40801927433422197
225 0.4079011728098658
226 0.4077833684306603
227 0.40766586242640634
228 0.4075486559981301
229 0.40743175031814866
230 0.40731514653014445
231 0.4071988457492467
232 0.4070828490621211
233 0.40696715752706597
234 0.40685177217411644
235 0.40673669400515505
236 0.4066219239940293
237 0.40650746308667546
238 0.4063933122012488
239 0.40627947222826044
240 0.40616594403071904
241 0.4060527284442793
242 0.40593982627739567
243 0.40582723831148065
244 0.4057149653010696
245 0.405603007973989
246 0.4054913670315313
247 0.40538004314863235
248 0.4052690369740548
249 0.40515834913057525
250 0.4050479802151751
251 0.404937930799236
252 0.4048282014287385
253 0.40471879262446453
254 0.4046097048822032
255 0.40450093867296005
256 0.4043924944431688
257 0.4042843726149071
258 0.4041765735861141
259 0.40406909773081096
260 0.40396194539932395
261 0.40385511691851034
262 0.4037486125919854
263 0.40364243270035244
264 0.4035365775014346
265 0.40343104723050816
266 0.40332584210053796
267 0.4032209623024137
268 0.40311640800518883
269 0.4030121793563192
270 0.4029082764819046
271 0.40280469948692993
272 0.4027014484555083
273 0.4025985234511247
274 0.4024959245168799
275 0.4023936516757361
276 0.4022917049307621
277 0.4021900842653796
278 0.40208878964360933
279 0.4019878210103178
280 0.40188717829146403
281 0.4017868613943467
282 0.4016868702078508
283 0.4015872046026942
284 0.4014878644316746
285 0.4013888495299158
286 0.40129015971511356
287 0.4011917947877814
288 0.4010937545314954
289 0.4009960387131389
290 0.4008986470831466
291 0.40080157937574784
292 0.40070483530920836
293 0.4006084145860731
294 0.40051231689340605
295 0.4004165419030305
296 0.400321089271768
297 0.40022595864167604
298 0.4001311496402846
299 0.40003666188083215
300 0.39994249496249973
301 0.3998486484706441
302 0.39975512197702967
303 0.39966191504005916
304 0.39956902720500237
305 0.39947645800422427
306 0.3993842069574114
307 0.3992922735717959
308 0.39920065734237997
309 0.39910935775215656
310 0.3990183742723301
311 0.398927706362535
312 0.39883735347105204
313 0.3987473150350246
314 0.39865759048067095
315 0.39856817922349724
316 0.39847908066850646
317 0.39839029421040767
318 0.39830181923382213
319 0.3982136551134879
320 0.3981258012144629
321 0.3980382568923258
322 0.3979510214933757
323 0.3978640943548287
324 0.3977774748050141
325 0.39769116216356737
326 0.39760515574162225
327 0.3975194548420001
328 0.39743405875939813
329 0.3973489667805751
330 0.3972641781845349
331 0.39717969224270944
332 0.3970955082191377
333 0.39701162537064444
334 0.39692804294701645
335 0.3968447601911762
336 0.39676177633935444
337 0.3966790906212604
338 0.39659670226025
339 0.3965146104734924
340 0.39643281447213397
341 0.39635131346146096
342 0.39627010664106016
343 0.39618919320497686
344 0.39610857234187186
345 0.39602824323517577
346 0.3959482050632419
347 0.39586845699949674
348 0.3957889982125889
349 0.3957098278665359
350 0.39563094512086916
351 0.39555234913077686
352 0.3954740390472453
353 0.395396014017198
354 0.395318273183633
355 0.39524081568575836
356 0.39516364065912596
357 0.39508674723576276
358 0.3950101345443012
359 0.39493380171010684
360 0.39485774785540495
361 0.3947819720994045
362 0.3947064735584214
363 0.39463125134599836
364 0.39455630457302504
365 0.3944816323478544
366 0.3944072337764185
367 0.3943331079623427
368 0.394259254007057
369 0.39418567100990687
370 0.39411235806826145
371 0.39403931427762096
372 0.3939665387317216
373 0.3938940305226393
374 0.3938217887408916
375 0.39374981247553786
376 0.3936781008142782
377 0.39360665284355045
378 0.3935354676486255
379 0.39346454431370154
380 0.3933938819219962
381 0.3933234795558373
382 0.39325333629675246
383 0.3931834512255564
384 0.3931138234224378
385 0.39304445196704335
386 0.39297533593856165
387 0.3929064744158049
388 0.39283786647728924
389 0.39276951120131376
390 0.392701407666038
391 0.3926335549495585
392 0.3925659521299829
393 0.3924985982855044
394 0.3924314924944726
395 0.3923646338354655
396 0.39229802138735803
397 0.39223165422939055
398 0.39216553144123584
399 0.39209965210306424
400 0.39203401529560844
401 0.39196862010022615
402 0.3919034655989622
403 0.39183855087460934
404 0.391773875010767
405 0.3917094370919002
406 0.3916452362033966
407 0.3915812714316218
408 0.39151754186397486
409 0.3914540465889416
410 0.39139078469614735
411 0.39132775527640795
412 0.3912649574217808
413 0.39120239022561354
414 0.3911400527825928
415 0.39107794418879105
416 0.3910160635417131
417 0.3909544099403409
418 0.3908929824851783
419 0.3908317802782935
420 0.39077080242336193
421 0.39071004802570714
422 0.3906495161923413
423 0.39058920603200464
424 0.39052911665520373
425 0.39046924717424913
426 0.3904095967032924
427 0.3903501643583611
428 0.390290949257395
429 0.39023195052027876
430 0.3901731672688762
431 0.39011459862706227
432 0.3900562437207549
433 0.38999810167794563
434 0.38994017162872946
435 0.38988245270533456
436 0.38982494404215046
437 0.38976764477575543
438 0.38971055404494426
439 0.3896536709907538
440 0.38959699475648873
441 0.3895405244877463
442 0.3894842593324404
443 0.3894281984408253
444 0.38937234096551804
445 0.3893166860615204
446 0.3892612328862408
447 0.3892059805995147
448 0.38915092836362486
449 0.3890960753433208
450 0.38904142070583775
451 0.38898696362091506
452 0.3889327032608136
453 0.3888786388003332
454 0.388824769416829
455 0.3887710942902276
456 0.38871761260304233
457 0.3886643235403881
458 0.388611226289996
459 0.38855832004222685
460 0.38850560399008466
461 0.38845307732922923
462 0.38840073925798885
463 0.38834858897737146
464 0.3882966256910767
465 0.38824484860550607
466 0.38819325692977374
467 0.3881418498757165
468 0.38809062665790267
469 0.3880395864936419
470 0.3879887286029933
471 0.38793805220877364
472 0.387887556536565
473 0.3878372408147225
474 0.38778710427438096
475 0.3877371461494613
476 0.38768736567667705
477 0.3876377620955398
478 0.3875883346483648
479 0.3875390825802758
480 0.38749000513921006
481 0.3874411015759222
482 0.38739237114398856
483 0.3873438130998107
484 0.38729542670261846
485 0.38724721121447353
486 0.38719916590027137
487 0.3871512900277441
488 0.38710358286746244
489 0.3870560436928369
490 0.3870086717801201
491 0.38696146640840734
492 0.38691442685963745
493 0.3868675524185937
494 0.38682084237290376
495 0.38677429601304003
496 0.38672791263231915
497 0.3866816915269019
498 0.3866356319957919
499 0.38658973334083535
500 0.38654399486671925
501 0.3864984158809703
502 0.3864529956939529
503 0.38640773361886777
504 0.38636262897174917
505 0.3863176810714631
506 0.38627288923970454
507 0.38622825280099465
508 0.3861837710826781
509 0.38613944341491946
510 0.3860952691307003
511 0.3860512475658154
512 0.3860073780588691
513 0.3859636599512715
514 0.3859200925872344
515 0.3858766753137668
516 0.38583340748067074
517 0.3857902884405367
518 0.38574731754873887
519 0.38570449416343017
520 0.3856618176455375
521 0.385619287358756
522 0.38557690266954436
523 0.3855346629471189
524 0.38549256756344835
525 0.3854506158932475
526 0.385408807313972
527 0.38536714120581217
528 0.3853256169516864
529 0.3852842339372357
530 0.3852429915508168
531 0.3852018891834958
532 0.3851609262290414
533 0.3851201020839189
534 0.3850794161472824
535 0.3850388678209687
536 0.38499845650949
537 0.38495818162002665
538 0.38491804256242035
539 0.3848780387491664
540 0.3848381695954068
541 0.3847984345189225
542 0.38475883294012564
543 0.3847193642820528
544 0.3846800279703563
545 0.38464082343329675
546 0.3846017501017356
547 0.3845628074091269
548 0.384523994791509
549 0.38448531168749733
550 0.38444675753827523
551 0.38440833178758677
552 0.38437003388172786
553 0.38433186326953817
554 0.3842938194023926
555 0.3842559017341934
556 0.38421810972136083
557 0.38418044282282554
558 0.38414290050001965
559 0.38410548221686774
560 0.38406818743977894
561 0.3840310156376378
562 0.3839939662817956
563 0.3839570388460616
564 0.3839202328066943
565 0.38388354764239246
566 0.3838469828342866
567 0.3838105378659294
568 0.38377421222328745
569 0.38373800539473196
570 0.38370191687102967
571 0.38366594614533406
572 0.38363009271317633
573 0.3835943560724559
574 0.38355873572343185
575 0.3835232311687135
576 0.3834878419132515
577 0.3834525674643282
578 0.3834174073315493
579 0.38338236102683376
580 0.38334742806440514
581 0.38331260796078254
582 0.3832779002347709
583 0.38324330440745197
584 0.38320882000217527
585 0.38317444654454863
586 0.3831401835624288
587 0.3831060305859126
588 0.3830719871473274
589 0.3830380527812217
590 0.3830042270243562
591 0.38297050941569444
592 0.3829368994963932
593 0.38290339680979363
594 0.3828700009014118
595 0.38283671131892943
596 0.3828035276121847
597 0.38277044933316284
598 0.38273747603598696
599 0.38270460727690886
600 0.38267184261429965
601 0.3826391816086405
602 0.3826066238225137
603 0.3825741688205929
604 0.3825418161696344
605 0.38250956543846765
606 0.38247741619798614
607 0.3824453680211382
608 0.3824134204829179
609 0.38238157316035565
610 0.3823498256325094
611 0.3823181774804553
612 0.3822866282872785
613 0.38225517763806427
614 0.3822238251198886
615 0.3821925703218095
616 0.38216141283485766
617 0.3821303522520274
618 0.382099388168268
619 0.38206852018047416
620 0.3820377478874774
621 0.3820070708900371
622 0.38197648879083124
623 0.38194600119444766
624 0.3819156077073753
625 0.38188530793799513
626 0.3818551014965712
627 0.38182498799524206
628 0.3817949670480116
629 0.38176503827074065
630 0.381735201281138
631 0.38170545569875136
632 0.38167580114495925
633 0.38164623724296165
634 0.38161676361777186
635 0.3815873798962075
636 0.381558085706882
637 0.3815288806801959
638 0.3814997644483285
639 0.38147073664522896
640 0.38144179690660807
641 0.38141294486992955
642 0.38138418017440173
643 0.38135550246096905
644 0.3813269113723034
645 0.3812984065527961
646 0.38126998764854947
647 0.38124165430736806
648 0.381213406178751
649 0.381185242913883
650 0.38115716416562684
651 0.38112916958851456
652 0.38110125883873947
653 0.38107343157414797
654 0.3810456874542315
655 0.3810180261401183
656 0.3809904472945653
657 0.3809629505819503
658 0.38093553566826355
659 0.3809082022211001
660 0.38088094990965177
661 0.3808537784046991
662 0.38082668737860353
663 0.38079967650529956
664 0.3807727454602867
665 0.38074589392062197
666 0.3807191215649119
667 0.3806924280733047
668 0.38066581312748304
669 0.38063927641065554
670 0.38061281760754984
671 0.3805864364044047
672 0.3805601324889622
673 0.38053390555046057
674 0.3805077552796264
675 0.380481681368667
676 0.38045568351126346
677 0.3804297614025625
678 0.38040391473916974
679 0.3803781432191419
680 0.38035244654197925
681 0.380326824408619
682 0.3803012765214275
683 0.3802758025841929
684 0.3802504023021185
685 0.3802250753818147
686 0.3801998215312928
687 0.3801746404599569
688 0.38014953187859785
689 0.38012449549938504
690 0.38009953103586047
691 0.38007463820293086
692 0.3800498167168612
693 0.3800250662952678
694 0.38000038665711083
695 0.3799757775226883
696 0.3799512386136285
697 0.3799267696528836
698 0.37990237036472246
699 0.3798780404747244
700 0.37985377970977213
701 0.37982958779804515
702 0.37980546446901303
703 0.3797814094534288
704 0.3797574224833225
705 0.3797335032919945
706 0.3797096516140089
707 0.379685867185187
708 0.37966214974260115
709 0.3796384990245678
710 0.37961491477064163
711 0.3795913967216088
712 0.37956794461948057
713 0.3795445582074872
714 0.3795212372300718
715 0.3794979814328833
716 0.3794747905627714
717 0.3794516643677792
718 0.37942860259713795
719 0.37940560500126025
720 0.37938267133173426
721 0.3793598013413178
722 0.37933699478393185
723 0.37931425141465475
724 0.37929157098971644
725 0.379268953266492
726 0.3792463980034963
727 0.3792239049603775
728 0.3792014738979117
729 0.37917910457799686
730 0.3791567967636468
731 0.37913455021898584
732 0.37911236470924276
733 0.37909024000074515
734 0.3790681758609137
735 0.3790461720582564
736 0.3790242283623634
737 0.37900234454390064
738 0.37898052037460495
739 0.378958755627278
740 0.3789370500757811
741 0.3789154034950296
742 0.37889381566098745
743 0.37887228635066156
744 0.37885081534209675
745 0.37882940241437
746 0.37880804734758533
747 0.3787867499228683
748 0.3787655099223611
749 0.3787443271292165
750 0.3787232013275936
751 0.37870213230265154
752 0.3786811198405454
753 0.37866016372842015
754 0.37863926375440593
755 0.3786184197076129
756 0.3785976313781261
757 0.3785768985570003
758 0.3785562210362552
759 0.37853559860887026
760 0.3785150310687798
761 0.37849451821086777
762 0.37847405983096344
763 0.3784536557258357
764 0.3784333056931889
765 0.3784130095316575
766 0.3783927670408016
767 0.37837257802110186
768 0.3783524422739548
769 0.3783323596016683
770 0.3783123298074563
771 0.37829235269543504
772 0.3782724280706172
773 0.3782525557389083
774 0.3782327355071015
775 0.3782129671828731
776 0.3781932505747782
777 0.37817358549224567
778 0.37815397174557414
779 0.3781344091459272
780 0.37811489750532895
781 0.37809543663665973
782 0.37807602635365145
783 0.37805666647088326
784 0.3780373568037772
785 0.37801809716859397
786 0.3779988873824284
787 0.377979727263205
788 0.377960616629674
789 0.37794155530140716
790 0.37792254309879303
791 0.37790357984303313
792 0.3778846653561376
793 0.37786579946092114
794 0.37784698198099875
795 0.3778282127407816
796 0.37780949156547294
797 0.3777908182810642
798 0.37777219271433055
799 0.37775361469282714
800 0.3777350840448851
801 0.3777166005996074
802 0.3776981641868647
803 0.3776797746372921
804 0.37766143178228423
805 0.37764313545399225
806 0.3776248854853193
807 0.377606681709917
808 0.37758852396218134
809 0.3775704120772492
810 0.37755234589099407
811 0.3775343252400229
812 0.3775163499616717
813 0.3774984198940021
814 0.37748053487579775
815 0.3774626947465602
816 0.37744489934650577
817 0.37742714851656134
818 0.3774094420983612
819 0.377391779934243
820 0.37737416186724443
821 0.37735658774109954
822 0.37733905740023516
823 0.3773215706897674
824 0.3773041274554981
825 0.3772867275439112
826 0.37726937080216966
827 0.3772520570781115
828 0.37723478622024653
829 0.37721755807775315
830 0.3772003725004746
831 0.37718322933891574
832 0.3771661284442397
833 0.3771490696682644
834 0.37713205286345935
835 0.3771150778829423
836 0.3770981445804758
837 0.37708125281046406
838 0.3770644024279498
839 0.37704759328861076
840 0.3770308252487565
841 0.3770140981653253
842 0.37699741189588104
843 0.3769807662986098
844 0.37696416123231696
845 0.37694759655642374
846 0.3769310721309643
847 0.3769145878165827
848 0.3768981434745296
849 0.37688173896665933
850 0.37686537415542676
851 0.3768490489038844
852 0.3768327630756791
853 0.3768165165350494
854 0.37680030914682217
855 0.37678414077641015
856 0.3767680112898083
857 0.37675192055359147
858 0.3767358684349112
859 0.37671985480149284
860 0.3767038795216327
861 0.3766879424641951
862 0.37667204349860967
863 0.37665618249486826
864 0.37664035932352224
865 0.37662457385568004
866 0.3766088259630035
867 0.3765931155177059
868 0.37657744239254903
869 0.37656180646084
870 0.3765462075964289
871 0.3765306456737061
872 0.37651512056759934
873 0.3764996321535711
874 0.3764841803076161
875 0.3764687649062583
876 0.3764533858265486
877 0.3764380429460621
878 0.3764227361428951
879 0.37640746529566343
880 0.3763922302834986
881 0.37637703098604636
882 0.37636186728346355
883 0.37634673905641547
884 0.3763316461860739
885 0.376316588554114
886 0.3763015660427121
887 0.3762865785345431
888 0.37627162591277813
889 0.3762567080610818
890 0.3762418248636104
891 0.37622697620500845
892 0.37621216197040713
893 0.37619738204542164
894 0.3761826363161484
895 0.37616792466916343
896 0.37615324699151936
897 0.37613860317074316
898 0.3761239930948341
899 0.37610941665226094
900 0.37609487373196027
901 0.3760803642233335
902 0.37606588801624513
903 0.37605144500102
904 0.3760370350684414
905 0.37602265810974855
906 0.3760083140166346
907 0.3759940026812443
908 0.37597972399617136
909 0.3759654778544573
910 0.3759512641495879
911 0.37593708277549215
912 0.37592293362653945
913 0.37590881659753755
914 0.3758947315837308
915 0.3758806784807974
916 0.37586665718484763
917 0.3758526675924217
918 0.37583870960048765
919 0.37582478310643924
920 0.3758108880080938
921 0.3757970242036903
922 0.3757831915918872
923 0.37576939007176047
924 0.3757556195428014
925 0.37574187990491487
926 0.375728171058417
927 0.37571449290403336
928 0.37570084534289705
929 0.37568722827654644
930 0.3756736416069234
931 0.3756600852363714
932 0.37564655906763333
933 0.3756330630038499
934 0.37561959694855734
935 0.3756061608056857
936 0.37559275447955703
937 0.3755793778748831
938 0.3755660308967642
939 0.37555271345068636
940 0.37553942544252045
941 0.3755261667785194
942 0.37551293736531716
943 0.37549973710992623
944 0.37548656591973645
945 0.3754734237025125
946 0.37546031036639266
947 0.37544722581988677
948 0.3754341699718745
949 0.37542114273160343
950 0.37540814400868766
951 0.3753951737131055
952 0.3753822317551982
953 0.3753693180456681
954 0.3753564324955767
955 0.37534357501634313
956 0.3753307455197425
957 0.3753179439179039
958 0.375305170123309
959 0.3752924240487904
960 0.3752797056075296
961 0.3752670147130558
962 0.3752543512792438
963 0.3752417152203127
964 0.3752291064508241
965 0.37521652488568047
966 0.3752039704401236
967 0.3751914430297329
968 0.375178942570424
969 0.3751664689784468
970 0.3751540221703842
971 0.37514160206315045
972 0.37512920857398935
973 0.3751168416204733
974 0.37510450112050076
975 0.37509218699229585
976 0.37507989915440587
977 0.37506763752570027
978 0.375055402025369
979 0.3750431925729211
980 0.37503100908818304
981 0.37501885149129727
982 0.3750067197027207
983 0.37499461364322356
984 0.37498253323388736
985 0.37497047839610376
986 0.37495844905157333
987 0.37494644512230346
988 0.3749344665306075
989 0.3749225131991033
990 0.37491058505071134
991 0.3748986820086538
992 0.37488680399645274
993 0.37487495093792916
994 0.37486312275720113
995 0.3748513193786827
996 0.3748395407270827
997 0.3748277867274025
998 0.37481605730493583
999 0.37480435238526666
