E_1A: 0.5416794752305181
E_1B: 1.0975456467220397
E_LA_A: 0.37152389175458894
E_LA_B: 0.41595934069694873
E_LB_A: 0.8707232700395079
E_LB_B: 0.14628472348946148
