E_1A: 0.5416794752305181
E_1B: 0.39609434108443964
E_LA_A: 0.37152389175458894
E_LA_B: 0.34117943663121275
E_LB_A: 0.2913534744732226
E_LB_B: 0.7072800812952093
