E_1A: 0.5416794752305181
E_1B: 0.42376898762247667
E_LA_A: 0.37152389175458894
E_LA_B: 0.38009267654182355
E_LB_A: 0.49366638942381513
E_LB_B: 0.5422604350588788
