E_1A: 0.5416794752305181
E_1B: 1.4241469926597017
E_LA_A: 0.37152389175458894
E_LA_B: 0.45751815380501987
E_LB_A: 1.083728500999667
E_LB_B: 1.3453690058573602
