100 0.4748992833585885
101 0.47470086192776706
102 0.4745024404970149
103 0.47430401906634684
104 0.47410559763578075
105 0.4739071762053373
106 0.47370875477504126
107 0.47351033334492165
108 0.4733119119150124
109 0.47311349048535295
110 0.4729150690559895
111 0.4727166476269755
112 0.4725182261983727
113 0.47231980477025226
114 0.47212138334269604
115 0.47192296191579797
116 0.4717245404896651
117 0.47152611906442005
118 0.4713276976402017
119 0.47112927621716816
120 0.47093085479549773
121 0.4707324333753925
122 0.47053401195707956
123 0.47033559054081425
124 0.4701371691268831
125 0.46993874771560673
126 0.46974032630734325
127 0.4695419049024918
128 0.4693434835014964
129 0.46914506210484985
130 0.4689466407130987
131 0.46874821932684707
132 0.46854979794676255
133 0.46835137657358045
134 0.4681529552081103
135 0.46795453385124136
136 0.4677561125039489
137 0.46755769116730106
138 0.46735926984246556
139 0.46716084853071743
140 0.4669624272334464
141 0.46676400595216533
142 0.4665655846885187
143 0.4663671634442917
144 0.4661687422214193
145 0.4659703210219964
146 0.4657718998482882
147 0.4655734787027406
148 0.4653750575879913
149 0.4651766365068818
150 0.4649782154624694
151 0.46477979445803963
152 0.46458137349711914
153 0.4643829525834894
154 0.46418453172120083
155 0.4639861109145867
156 0.4637876901682789
157 0.4635892694872229
158 0.46339084887669324
159 0.4631924283423111
160 0.4629940078900598
161 0.4627955875263036
162 0.46259716725780453
163 0.4623987470917411
164 0.46220032703572717
165 0.46200190709783145
166 0.4618034872865967
167 0.46160506761106085
168 0.46140664808077697
169 0.46120822870583494
170 0.46100980949688297
171 0.4608113904651494
172 0.46061297162246584
173 0.46041455298128975
174 0.4602161345547277
175 0.4600177163565596
176 0.45981929840126257
177 0.45962088070403595
178 0.4594224632808257
179 0.4592240461483504
180 0.4590256293241269
181 0.45882721282649586
182 0.45862879667464906
183 0.4584303808886556
184 0.4582319654894891
185 0.45803355049905525
186 0.4578351359402194
187 0.4576367218368347
188 0.4574383082137701
189 0.4572398950969391
190 0.4570414825133282
191 0.45684307049102635
192 0.45664465905925344
193 0.4564462482483903
194 0.456247838090008
195 0.4560494286168973
196 0.45585101986309906
197 0.4556526118639337
198 0.45545420465603154
199 0.45525579827736323
200 0.45505739276726953
201 0.4548589881664921
202 0.454660584517204
203 0.4544621818630394
204 0.4542637802491253
205 0.45406537972211075
206 0.4538669803301984
207 0.4536685821231743
208 0.4534701851524384
209 0.45327178947103525
210 0.4530733951336842
211 0.45287500219680926
212 0.4526766107185699
213 0.4524782207588903
214 0.45227983237949004
215 0.45208144564391284
216 0.45188306061755745
217 0.4516846773677057
218 0.4514862959635528
219 0.4512879164762359
220 0.45108953897886284
221 0.4508911635465412
222 0.45069279025640574
223 0.45049441918764777
224 0.45029605042154214
225 0.4500976840414748
226 0.44989932013297046
227 0.44970095878371974
228 0.44950260008360504
229 0.4493042441247274
230 0.44910589100143317
231 0.44890754081033796
232 0.4487091936503541
233 0.4485108496227138
234 0.44831250883099477
235 0.4481141713811442
236 0.447915837381502
237 0.44771750694282547
238 0.447519180178311
239 0.4473208572036173
240 0.44712253813688774
241 0.44692422309877144
242 0.4467259122124451
243 0.44652760560363386
244 0.44632930340063115
245 0.44613100573431913
246 0.445932712738188
247 0.44573442454835527
248 0.4455361413035834
249 0.445337863145299
250 0.44513959021760946
251 0.44494132266732067
252 0.44474306064395297
253 0.44454480429975773
254 0.44434655378973253
255 0.44414830927163657
256 0.44395007090600475
257 0.4437518388561623
258 0.44355361328823767
259 0.4433553943711761
260 0.4431571822767515
261 0.4429589771795789
262 0.4427607792571257
263 0.44256258868972276
264 0.4423644056605744
265 0.4421662303557683
266 0.4419680629642855
267 0.44176990367800834
268 0.44157175269172927
269 0.4413736102031585
270 0.44117547641293114
271 0.44097735152461365
272 0.44077923574471095
273 0.44058112928267085
274 0.44038303235089027
275 0.4401849451647189
276 0.43998686794246417
277 0.4397888009053941
278 0.43959074427774086
279 0.4393926982867031
280 0.439194663162448
281 0.4389966391381127
282 0.43879862644980583
283 0.43860062533660726
284 0.43840263604056867
285 0.43820465880671294
286 0.4380066938830331
287 0.43780874152049093
288 0.4376108019730149
289 0.4374128754974981
290 0.4372149623537948
291 0.43701706280471775
292 0.4368191771160334
293 0.43662130555645856
294 0.4364234483976549
295 0.43622560591422405
296 0.4360277783837017
297 0.4358299660865518
298 0.43563216930615944
299 0.4354343883288246
300 0.43523662344375336
301 0.43503887494305177
302 0.43484114312171596
303 0.43464342827762437
304 0.4344457307115279
305 0.4342480507270412
306 0.43405038863063156
307 0.4338527447316096
308 0.43365511934211787
309 0.43345751277711986
310 0.4332599253543884
311 0.43306235739449395
312 0.4328648092207922
313 0.43266728115941083
314 0.4324697735392376
315 0.432272286691906
316 0.4320748209517818
317 0.43187737665594944
318 0.43167995414419685
319 0.4314825537590009
320 0.4312851758455129
321 0.43108782075154234
322 0.4308904888275417
323 0.4306931804265902
324 0.43049589590437753
325 0.4302986356191872
326 0.4301013999318795
327 0.4299041892058744
328 0.4297070038071338
329 0.4295098441041442
330 0.42931271046789815
331 0.42911560327187587
332 0.42891852289202725
333 0.4287214697067524
334 0.4285244440968826
335 0.4283274464456616
336 0.42813047713872504
337 0.4279335365640812
338 0.42773662511209115
339 0.4275397431754479
340 0.42734289114915625
341 0.4271460694305122
342 0.4269492784190814
343 0.4267525185166793
344 0.4265557901273483
345 0.42635909365733743
346 0.42616242951508
347 0.42596579811117197
348 0.4257691998583501
349 0.42557263517146937
350 0.4253761044674808
351 0.4251796081654089
352 0.4249831466863289
353 0.4247867204533442
354 0.42459032989156276
355 0.42439397542807483
356 0.42419765749192884
357 0.4240013765141086
358 0.4238051329275095
359 0.423608927166915
360 0.4234127596689728
361 0.42321663087217093
362 0.423020541216814
363 0.4228244911449988
364 0.4226284811005904
365 0.42243251152919775
366 0.42223658287814925
367 0.4220406955964686
368 0.42184485013484996
369 0.4216490469456333
370 0.4214532864827803
371 0.4212575692018489
372 0.4210618955599691
373 0.4208662660158174
374 0.4206706810295926
375 0.42047514106299055
376 0.42027964657917904
377 0.4200841980427727
378 0.4198887959198081
379 0.4196934406777186
380 0.419498132785309
381 0.4193028727127307
382 0.4191076609314557
383 0.4189124979142524
384 0.41871738413515963
385 0.41852232006946144
386 0.41832730619366226
387 0.418132342985461
388 0.41793743092372615
389 0.4177425704884702
390 0.4175477621608248
391 0.4173530064230149
392 0.417158303758334
393 0.4169636546511183
394 0.41676905958672206
395 0.41657451905149173
396 0.4163800335327415
397 0.4161856035187272
398 0.41599122949862194
399 0.4157969119624903
400 0.41560265140126396
401 0.4154084483067157
402 0.4152143031714353
403 0.41502021648880405
404 0.4148261887529697
405 0.41463222045882175
406 0.41443831210196674
407 0.414244464178703
408 0.4140506771859965
409 0.41385695162145547
410 0.4136632879833063
411 0.41346968677036866
412 0.4132761484820311
413 0.41308267361822676
414 0.41288926267940823
415 0.41269591616652446
416 0.4125026345809954
417 0.4123094184246883
418 0.41211626819989383
419 0.41192318440930153
420 0.41173016755597613
421 0.4115372181433338
422 0.41134433667511816
423 0.4111515236553768
424 0.41095877958843724
425 0.41076610497888405
426 0.4105735003315346
427 0.4103809661514168
428 0.41018850294374465
429 0.40999611121389595
430 0.4098037914673889
431 0.40961154420985924
432 0.40941936994703715
433 0.4092272691847249
434 0.40903524242877376
435 0.4088432901850619
436 0.40865141295947127
437 0.4084596112578663
438 0.4082678855860703
439 0.4080762364498446
440 0.40788466435486576
441 0.407693169806704
442 0.4075017533108014
443 0.4073104153724497
444 0.4071191564967696
445 0.4069279771886888
446 0.40673687795292046
447 0.4065458592939426
448 0.4063549217159765
449 0.4061640657229659
450 0.40597329181855596
451 0.4057826005060732
452 0.4055919922885038
453 0.4054014676684741
454 0.4052110271482297
455 0.40502067122961555
456 0.40483040041405544
457 0.404640215202532
458 0.40445011609556775
459 0.40426010359320425
460 0.4040701781949829
461 0.4038803403999257
462 0.40369059070651575
463 0.403500929612678
464 0.4033113576157602
465 0.40312187521251386
466 0.40293248289907563
467 0.4027431811709486
468 0.4025539705229836
469 0.40236485144936096
470 0.40217582444357214
471 0.40198688999840143
472 0.4017980486059084
473 0.4016093007574097
474 0.4014206469434612
475 0.4012320876538408
476 0.4010436233775307
477 0.40085525460269994
478 0.4006669818166878
479 0.40047880550598614
480 0.4002907261562227
481 0.40010274425214454
482 0.3999148602776009
483 0.39972707471552743
484 0.39953938804792927
485 0.3993518007558651
486 0.3991643133194309
487 0.39897692621774417
488 0.3987896399289281
489 0.39860245493009583
490 0.3984153716973351
491 0.3982283907056928
492 0.39804151242915964
493 0.3978547373406552
494 0.39766806591201315
495 0.39748149861396576
496 0.3972950359161301
497 0.3971086782869929
498 0.39692242619389656
499 0.3967362801030244
500 0.3965502404793872
501 0.39636430778680876
502 0.3961784824879121
503 0.3959927650441061
504 0.39580715591557153
505 0.395621655561248
506 0.3954362644388204
507 0.3952509830047062
508 0.39506581171404176
509 0.3948807510206702
510 0.3946958013771283
511 0.39451096323463397
512 0.39432623704307407
513 0.39414162325099145
514 0.3939571223055739
515 0.3937727346526409
516 0.3935884607366327
517 0.393404301000598
518 0.3932202558861827
519 0.39303632583361814
520 0.3928525112817101
521 0.3926688126678272
522 0.3924852304278903
523 0.3923017649963612
524 0.39211841680623194
525 0.3919351862890144
526 0.39175207387472943
527 0.3915690799918967
528 0.3913862050675244
529 0.3912034495270989
530 0.3910208137945755
531 0.3908382982923675
532 0.3906559034413373
533 0.39047362966078664
534 0.390291477368447
535 0.3901094469804704
536 0.38992753891142
537 0.3897457535742616
538 0.3895640913803542
539 0.38938255273944117
540 0.38920113805964185
541 0.389019847747443
542 0.3888386822076905
543 0.38865764184358065
544 0.38847672705665226
545 0.3882959382467786
546 0.3881152758121599
547 0.38793474014931495
548 0.38775433165307355
549 0.3875740507165695
550 0.3873938977312326
551 0.3872138730867822
552 0.3870339771712185
553 0.3868542103708176
554 0.38667457307012304
555 0.3864950656519393
556 0.38631568849732584
557 0.3861364419855899
558 0.38595732649428005
559 0.38577834239918063
560 0.3855994900743045
561 0.38542076989188795
562 0.3852421822223844
563 0.3850637274344582
564 0.3848854058949796
565 0.38470721796901886
566 0.3845291640198405
567 0.3843512444088985
568 0.38417345949583076
569 0.3839958096384539
570 0.3838182951927584
571 0.3836409165129036
572 0.38346367395121334
573 0.38328656785817045
574 0.383109598582413
575 0.3829327664707294
576 0.3827560718680543
577 0.38257951511746435
578 0.3824030965601737
579 0.38222681653553053
580 0.38205067538101295
581 0.38187467343222514
582 0.38169881102289355
583 0.3815230884848637
584 0.3813475061480962
585 0.38117206434066414
586 0.3809967633887488
587 0.3808216036166376
588 0.38064658534671986
589 0.380471708899485
590 0.380296974593519
591 0.3801223827455018
592 0.3799479336702045
593 0.3797736276804873
594 0.37959946508729653
595 0.37942544619966256
596 0.37925157132469733
597 0.37907784076759254
598 0.3789042548316174
599 0.37873081381811646
600 0.3785575180265082
601 0.3783843677542829
602 0.378211363297001
603 0.3780385049482918
604 0.3778657929998513
605 0.37769322774144193
606 0.37752080946089
607 0.3773485384440854
608 0.37717641497497983
609 0.3770044393355865
610 0.3768326118059784
611 0.37666093266428785
612 0.37648940218670573
613 0.3763180206474809
614 0.3761467883189191
615 0.37597570547138304
616 0.3758047723732919
617 0.3756339892911203
618 0.3754633564893989
619 0.37529287423071406
620 0.3751225427757071
621 0.37495236238307544
622 0.3747823333095712
623 0.37461245581000296
624 0.3744427301372346
625 0.3742731565421866
626 0.37410373527383595
627 0.3739344665792165
628 0.3737653507034201
629 0.3735963878895965
630 0.3734275783789549
631 0.37325892241076375
632 0.3730904202223523
633 0.37292207204911154
634 0.3727538781244945
635 0.37258583868001843
636 0.3724179539452649
637 0.37225022414788156
638 0.3720826495135832
639 0.37191523026615375
640 0.3717479666274465
641 0.371580858817387
642 0.3714139070539733
643 0.3712471115532788
644 0.3710804725294528
645 0.3709139901947235
646 0.37074766475939863
647 0.3705814964318683
648 0.3704154854186063
649 0.37024963192417276
650 0.3700839361512156
651 0.3699183983004733
652 0.36975301857077647
653 0.3695877971590509
654 0.36942273426031913
655 0.36925783006770346
656 0.3690930847724282
657 0.3689284985638222
658 0.3687640716293213
659 0.3685998041544712
660 0.3684356963229299
661 0.36827174831647086
662 0.3681079603149856
663 0.3679443324964863
664 0.3677808650371092
665 0.3676175581111173
666 0.3674544118909035
667 0.3672914265469935
668 0.3671286022480494
669 0.3669659391608724
670 0.3668034374504061
671 0.3666410972797403
672 0.3664789188101138
673 0.3663169022009179
674 0.3661550476097
675 0.3659933551921673
676 0.36583182510218976
677 0.36567045749180427
678 0.36550925251121763
679 0.3653482103088113
680 0.3651873310311439
681 0.36502661482295606
682 0.3648660618271733
683 0.36470567218491073
684 0.36454544603547645
685 0.3643853835163757
686 0.3642254847633149
687 0.3640657499102054
688 0.36390617908916795
689 0.3637467724305367
690 0.3635875300628631
691 0.3634284521129206
692 0.36326953870570833
693 0.3631107899644559
694 0.3629522060106275
695 0.36279378696392617
696 0.3626355329422983
697 0.3624774440619381
698 0.3623195204372921
699 0.3621617621810635
700 0.36200416940421676
701 0.3618467422159824
702 0.36168948072386126
703 0.3615323850336294
704 0.36137545524934284
705 0.361218691473342
706 0.3610620938062566
707 0.36090566234701044
708 0.3607493971928262
709 0.3605932984392304
710 0.3604373661800579
711 0.3602816005074573
712 0.36012600151189567
713 0.35997056928216303
714 0.35981530390537836
715 0.35966020546699357
716 0.3595052740507993
717 0.35935050973892957
718 0.359195912611867
719 0.35904148274844805
720 0.3588872202258679
721 0.35873312511968586
722 0.3585791975038305
723 0.3584254374506049
724 0.35827184503069204
725 0.3581184203131595
726 0.3579651633654655
727 0.35781207425346373
728 0.3576591530414089
729 0.3575063997919619
730 0.3573538145661956
731 0.35720139742359974
732 0.3570491484220868
733 0.35689706761799694
734 0.35674515506610416
735 0.356593410819621
736 0.3564418349302047
737 0.35629042744796235
738 0.35613918842145653
739 0.3559881178977109
740 0.3558372159222158
741 0.3556864825389336
742 0.35553591779030463
743 0.35538552171725274
744 0.35523529435919066
745 0.35508523575402606
746 0.3549353459381668
747 0.354785624946527
748 0.35463607281253245
749 0.3544866895681267
750 0.35433747524377596
751 0.35418842986847615
752 0.35403955346975724
753 0.35389084607369004
754 0.3537423077048914
755 0.35359393838653036
756 0.3534457381403336
757 0.3532977069865917
758 0.35314984494416446
759 0.35300215203048707
760 0.3528546282615756
761 0.3527072736520334
762 0.35256008821505647
763 0.35241307196243954
764 0.35226622490458176
765 0.3521195470504928
766 0.3519730384077987
767 0.3518266989827477
768 0.351680528780216
769 0.3515345278037139
770 0.3513886960553917
771 0.35124303353604563
772 0.3510975402451234
773 0.3509522161807307
774 0.35080706133963674
775 0.3506620757172804
776 0.3505172593077763
777 0.3503726121039198
778 0.35022813409719467
779 0.3500838252777774
780 0.34993968563454425
781 0.34979571515507657
782 0.349651913825667
783 0.34950828163132547
784 0.3493648185557853
785 0.3492215245815088
786 0.34907839968969356
787 0.3489354438602783
788 0.3487926570719489
789 0.34865003930214433
790 0.34850759052706276
791 0.34836531072166715
792 0.34822319985969163
793 0.3480812579136475
794 0.34793948485482895
795 0.34779788065331907
796 0.34765644527799594
797 0.34751517869653853
798 0.34737408087543287
799 0.34723315177997766
800 0.34709239137429043
801 0.34695179962131356
802 0.34681137648282034
803 0.34667112191942046
804 0.3465310358905665
805 0.34639111835455966
806 0.3462513692685556
807 0.3461117885885706
808 0.34597237626948746
809 0.3458331322650611
810 0.3456940565279251
811 0.3455551490095971
812 0.3454164096604851
813 0.34527783842989307
814 0.34513943526602686
815 0.3450012001160007
816 0.34486313292584214
817 0.3447252336404988
818 0.34458750220384377
819 0.34444993855868167
820 0.34431254264675437
821 0.3441753144087473
822 0.3440382537842947
823 0.34390136071198596
824 0.343764635129371
825 0.3436280769729668
826 0.34349168617826265
827 0.34335546267972594
828 0.34321940641080856
829 0.3430835173039521
830 0.34294779529059405
831 0.3428122403011733
832 0.34267685226513606
833 0.3425416311109417
834 0.34240657676606867
835 0.3422716891570195
836 0.3421369682093276
837 0.34200241384756225
838 0.3418680259953346
839 0.34173380457530333
840 0.3415997495091805
841 0.3414658607177369
842 0.3413321381208081
843 0.34119858163730016
844 0.3410651911851948
845 0.3409319666815555
846 0.34079890804253327
847 0.3406660151833716
848 0.3405332880184129
849 0.3404007264611037
850 0.34026833042400007
851 0.34013609981877346
852 0.34000403455621653
853 0.3398721345462481
854 0.33974039969791914
855 0.3396088299194182
856 0.339477425118077
857 0.33934618520037574
858 0.33921511007194893
859 0.33908419963759057
860 0.33895345380125963
861 0.33882287246608606
862 0.3386924555343752
863 0.33856220290761446
864 0.3384321144864778
865 0.33830219017083135
866 0.3381724298597392
867 0.3380428334514685
868 0.3379134008434946
869 0.3377841319325068
870 0.3376550266144136
871 0.3375260847843479
872 0.33739730633667253
873 0.3372686911649851
874 0.33714023916212393
875 0.3370119502201729
876 0.33688382423046664
877 0.33675586108359623
878 0.336628060669414
879 0.33650042287703874
880 0.3363729475948613
881 0.3362456347105495
882 0.33611848411105316
883 0.3359914956826096
884 0.33586466931074854
885 0.3357380048802972
886 0.3356115022753858
887 0.33548516137945184
888 0.33535898207524634
889 0.3352329642448378
890 0.3351071077696179
891 0.33498141253030633
892 0.3348558784069558
893 0.33473050527895726
894 0.3346052930250443
895 0.334480241523299
896 0.33435535065115624
897 0.3342306202854085
898 0.3341060503022115
899 0.3339816405770887
900 0.33385739098493583
901 0.3337333014000265
902 0.3336093716960166
903 0.33348560174594905
904 0.33336199142225903
905 0.3332385405967786
906 0.33311524914074125
907 0.33299211692478714
908 0.3328691438189673
909 0.33274632969274903
910 0.33262367441502033
911 0.3325011778540941
912 0.33237883987771377
913 0.3322566603530574
914 0.3321346391467424
915 0.3320127761248304
916 0.33189107115283134
917 0.3317695240957089
918 0.3316481348178845
919 0.3315269031832419
920 0.33140582905513216
921 0.3312849122963776
922 0.33116415276927696
923 0.33104355033560934
924 0.33092310485663917
925 0.3308028161931203
926 0.33068268420530084
927 0.3305627087529271
928 0.33044288969524865
929 0.3303232268910221
930 0.3302037201985159
931 0.33008436947551456
932 0.3299651745793231
933 0.3298461353667714
934 0.32972725169421824
935 0.3296085234175559
936 0.3294899503922146
937 0.3293715324731662
938 0.329253269514929
939 0.32913516137157167
940 0.32901720789671773
941 0.3288994089435494
942 0.32878176436481216
943 0.3286642740128185
944 0.32854693773945265
945 0.32842975539617403
946 0.32831272683402185
947 0.3281958519036193
948 0.32807913045517695
949 0.32796256233849747
950 0.3278461474029796
951 0.327729885497622
952 0.3276137764710272
953 0.32749782017140566
954 0.3273820164465801
955 0.32726636514398877
956 0.32715086611069005
957 0.3270355191933661
958 0.3269203242383265
959 0.3268052810915129
960 0.3266903895985019
961 0.3265756496045097
962 0.3264610609543957
963 0.3263466234926661
964 0.3262323370634781
965 0.32611820151064314
966 0.32600421667763135
967 0.3258903824075749
968 0.32577669854327157
969 0.325663164927189
970 0.3255497814014679
971 0.32543654780792597
972 0.32532346398806145
973 0.32521052978305703
974 0.32509774503378314
975 0.3249851095808018
976 0.3248726232643701
977 0.3247602859244439
978 0.3246480974006812
979 0.32453605753244597
980 0.3244241661588113
981 0.32431242311856356
982 0.3242008282502051
983 0.32408938139195803
984 0.3239780823817683
985 0.323866931057308
986 0.32375592725597985
987 0.32364507081492
988 0.32353436157100157
989 0.323423799360838
990 0.32331338402078674
991 0.32320311538695207
992 0.32309299329518887
993 0.3229830175811055
994 0.3228731880800676
995 0.32276350462720105
996 0.32265396705739524
997 0.3225445752053065
998 0.3224353289053612
999 0.3223262279917588
