E_1A: 0.5416794752305181
E_1B: 0.4156343032358485
E_LA_A: 0.37152389175458894
E_LA_B: 0.2476810642261717
E_LB_A: 0.34291921740260994
E_LB_B: 0.39614556847387833
