E_1A: 0.5416794752305181
E_1B: 0.5393118154213343
E_LA_A: 0.37152389175458894
E_LA_B: 0.2634852646678901
E_LB_A: 3.3821118150980647
E_LB_B: 0.5640678499308405
