E_1A: 0.5416794752305181
E_1B: 0.5200517270705438
E_LA_A: 0.37152389175458894
E_LA_B: 0.27914082854698224
E_LB_A: 0.37832137455117876
E_LB_B: 0.38439176593415164
