E_1A: 0.5416794752305181
E_1B: 0.8601492500772701
E_LA_A: 0.37152389175458894
E_LA_B: 0.3043512308612559
E_LB_A: 0.37860549657401926
E_LB_B: 0.11206750970695226
