E_1A: 0.5416794752305181
E_1B: 1.3259659617397122
E_LA_A: 0.37152389175458894
E_LA_B: 0.4971473495748064
E_LB_A: 1.0064659437888734
E_LB_B: 1.731653580927558
