E_1A: 0.5416794752305181
E_1B: 0.4207064376382504
E_LA_A: 0.37152389175458894
E_LA_B: 0.24284568133002102
E_LB_A: 0.48818599916357347
E_LB_B: 0.5493378085603544
