E_1A: 0.5416794752305181
E_1B: 0.9586728772276918
E_LA_A: 0.37152389175458894
E_LA_B: 0.6803236866270296
E_LB_A: 0.9324928472185581
E_LB_B: 0.5416929454863313
