E_1A: 0.5416794752305181
E_1B: 0.5639490611234227
E_LA_A: 0.37152389175458894
E_LA_B: 0.2614355877147791
E_LB_A: 0.24780970590938228
E_LB_B: 0.38468794623220876
