100 0.45610370126942523
101 0.45594600196202306
102 0.4557885926943736
103 0.4556314679062312
104 0.45547462217180135
105 0.4553180501975184
106 0.4551617468197798
107 0.455005707002646
108 0.4548499258355126
109 0.45469439853076393
110 0.4545391204214138
111 0.4543840869587393
112 0.4542292937099133
113 0.45407473635564066
114 0.4539204106878017
115 0.45376631260710754
116 0.4536124381207704
117 0.45345878334019174
118 0.45330534447867155
119 0.45315211784914017
120 0.4529990998619158
121 0.4528462870224887
122 0.452693675929334
123 0.4525412632717551
124 0.45238904582775685
125 0.4522370204619526
126 0.4520851841235028
127 0.4519335338440882
128 0.4517820667359168
129 0.45163077998976553
130 0.451479670873057
131 0.45132873672797197
132 0.45117797496959594
133 0.4510273830841028
134 0.4508769586269725
135 0.45072669922124503
136 0.45057660255580945
137 0.45042666638372725
138 0.45027688852059194
139 0.4501272668429221
140 0.449977799286589
141 0.4498284838452783
142 0.4496793185689854
143 0.4495303015625439
144 0.4493814309841865
145 0.4492327050441389
146 0.4490841220032453
147 0.44893568017162533
148 0.4487873779073618
149 0.44863921361521947
150 0.4484911857453938
151 0.44834329279228846
152 0.448195533293323
153 0.44804790582776777
154 0.44790040901560835
155 0.44775304151643647
156 0.44760580202836797
157 0.44745868928698795
158 0.44731170206432097
159 0.4471648391678283
160 0.4470180994394274
161 0.4468714817545396
162 0.4467249850211585
163 0.4465786081789436
164 0.4464323501983368
165 0.4462862100797008
166 0.44614018685248036
167 0.4459942795743844
168 0.4458484873305901
169 0.4457028092329668
170 0.44555724441932054
171 0.4454117920526586
172 0.44526645132047254
173 0.4451212214340417
174 0.4449761016277529
175 0.4448310911584407
176 0.4446861893047431
177 0.44454139536647586
178 0.4443967086640232
179 0.4442521285377449
180 0.44410765434739935
181 0.4439632854715826
182 0.4438190213071824
183 0.4436748612688472
184 0.4435308047884698
185 0.4433868513146854
186 0.443243000312383
187 0.44309925126223065
188 0.44295560366021447
189 0.44281205701718884
190 0.4426686108584414
191 0.44252526472326836
192 0.4423820181645629
193 0.44223887074841456
194 0.44209582205372044
195 0.44195287167180713
196 0.44181001920606333
197 0.44166726427158354
198 0.4415246064948211
199 0.4413820455132519
200 0.44123958097504756
201 0.44109721253875783
202 0.4409549398730025
203 0.44081276265617214
204 0.44067068057613756
205 0.4405286933299678
206 0.44038680062365615
207 0.44024500217185475
208 0.44010329769761636
209 0.43996168693214405
210 0.4398201696145487
211 0.4396787454916129
212 0.4395374143175625
213 0.4393961758538447
214 0.43925502986891274
215 0.43911397613801756
216 0.43897301444300474
217 0.43883214457211855
218 0.43869136631981137
219 0.43855067948655907
220 0.4384100838786817
221 0.43826957930817034
222 0.43812916559251824
223 0.4379888425545582
224 0.4378486100223038
225 0.43770846782879663
226 0.4375684158119571
227 0.43742845381444107
228 0.43728858168349977
229 0.43714879927084477
230 0.4370091064325169
231 0.43686950302875927
232 0.43672998892389425
233 0.43659056398620427
234 0.43645122808781633
235 0.4363119811045904
236 0.43617282291601084
237 0.4360337534050813
238 0.4358947724582239
239 0.4357558799651798
240 0.4356170758189147
241 0.4354783599155262
242 0.4353397321541546
243 0.43520119243689614
244 0.4350627406687195
245 0.43492437675738477
246 0.4347861006133646
247 0.4346479121497684
248 0.43450981128226884
249 0.4343717979290304
250 0.4342338720106408
251 0.43409603345004383
252 0.43395828217247506
253 0.43382061810539935
254 0.4336830411784499
255 0.43354555132337036
256 0.43340814847395764
257 0.4332708325660073
258 0.4331336035372601
259 0.43299646132735137
260 0.43285940587776034
261 0.4327224371317627
262 0.4325855550343839
263 0.4324487595323534
264 0.43231205057406236
265 0.4321754281095199
266 0.43203889209031354
267 0.43190244246956855
268 0.43176607920191046
269 0.43162980224342745
270 0.43149361155163485
271 0.43135750708543996
272 0.43122148880510885
273 0.4310855566722336
274 0.43094971064970045
275 0.43081395070166
276 0.43067827679349674
277 0.4305426888918012
278 0.4304071869643414
279 0.4302717709800369
280 0.4301364409089318
281 0.43000119672217035
282 0.4298660383919716
283 0.4297309658916066
284 0.4295959791953747
285 0.4294610782785817
286 0.42932626311751804
287 0.4291915336894379
288 0.42905688997253894
289 0.4289223319459422
290 0.42878785958967364
291 0.4286534728846448
292 0.42851917181263555
293 0.42838495635627566
294 0.4282508264990288
295 0.428116782225175
296 0.4279828235197954
297 0.42784895036875614
298 0.4277151627586933
299 0.42758146067699837
300 0.4274478441118036
301 0.42731431305196793
302 0.4271808674870637
303 0.42704750740736336
304 0.4269142328038261
305 0.42678104366808595
306 0.42664793999243883
307 0.42651492176983113
308 0.4263819889938479
309 0.4262491416587011
310 0.426116379759219
311 0.4259837032908349
312 0.42585111224957695
313 0.4257186066320572
314 0.42558618643546214
315 0.4254538516575421
316 0.42532160229660215
317 0.42518943835149214
318 0.42505735982159754
319 0.42492536670683034
320 0.4247934590076203
321 0.4246616367249056
322 0.424529899860125
323 0.42439824841520873
324 0.4242666823925705
325 0.42413520179509934
326 0.42400380662615156
327 0.423872496889543
328 0.42374127258954075
329 0.4236101337308564
330 0.42347908031863757
331 0.42334811235846137
332 0.4232172298563267
333 0.4230864328186467
334 0.42295572125224257
335 0.42282509516433575
336 0.4226945545625413
337 0.42256409945486134
338 0.4224337298496781
339 0.422303445755747
340 0.4221732471821906
341 0.42204313413849187
342 0.42191310663448767
343 0.4217831646803623
344 0.4216533082866417
345 0.42152353746418675
346 0.4213938522241872
347 0.42126425257815564
348 0.4211347385379213
349 0.4210053101156245
350 0.4208759673237098
351 0.4207467101749211
352 0.4206175386822951
353 0.4204884528591558
354 0.4203594527191085
355 0.4202305382760343
356 0.4201017095440843
357 0.41997296653767396
358 0.41984430927147764
359 0.4197157377604226
360 0.4195872520196841
361 0.41945885206467926
362 0.41933053791106206
363 0.41920230957471777
364 0.4190741670717574
365 0.41894611041851226
366 0.4188181396315292
367 0.41869025472756455
368 0.41856245572357925
369 0.41843474263673364
370 0.4183071154843818
371 0.41817957428406693
372 0.41805211905351575
373 0.41792474981063343
374 0.41779746657349853
375 0.41767026936035795
376 0.4175431581896217
377 0.41741613307985775
378 0.4172891940497876
379 0.4171623411182804
380 0.41703557430434857
381 0.4169088936271427
382 0.4167822991059465
383 0.4166557907601721
384 0.4165293686093548
385 0.41640303267314865
386 0.41627678297132115
387 0.4161506195237489
388 0.41602454235041225
389 0.4158985514713912
390 0.4157726469068599
391 0.4156468286770823
392 0.4155210968024078
393 0.4153954513032657
394 0.41526989220016125
395 0.4151444195136707
396 0.4150190332644368
397 0.41489373347316405
398 0.4147685201606142
399 0.41464339334760203
400 0.41451835305499013
401 0.4143933993036848
402 0.41426853211463177
403 0.41414375150881133
404 0.4140190575072343
405 0.4138944501309372
406 0.4137699294009779
407 0.41364549533843203
408 0.41352114796438744
409 0.41339688729994084
410 0.41327271336619303
411 0.4131486261842449
412 0.41302462577519283
413 0.412900712160125
414 0.4127768853601169
415 0.41265314539622705
416 0.4125294922894931
417 0.41240592606092774
418 0.41228244673151454
419 0.4121590543222037
420 0.41203574885390837
421 0.4119125303475005
422 0.41178939882380705
423 0.4116663543036055
424 0.4115433968076206
425 0.41142052635652016
426 0.41129774297091104
427 0.41117504667133586
428 0.41105243747826864
429 0.41092991541211116
430 0.4108074804931895
431 0.41068513274175006
432 0.41056287217795584
433 0.410440698821883
434 0.41031861269351716
435 0.41019661381274974
436 0.41007470219937425
437 0.40995287787308315
438 0.40983114085346406
439 0.4097094911599964
440 0.40958792881204764
441 0.4094664538288704
442 0.4093450662295989
443 0.40922376603324506
444 0.4091025532586961
445 0.4089814279247105
446 0.4088603900499151
447 0.40873943965280185
448 0.4086185767517245
449 0.40849780136489555
450 0.40837711351038286
451 0.40825651320610706
452 0.40813600046983783
453 0.40801557531919136
454 0.4078952377716272
455 0.4077749878444452
456 0.4076548255547826
457 0.40753475091961133
458 0.4074147639557347
459 0.40729486467978476
460 0.40717505310821983
461 0.4070553292573211
462 0.40693569314319045
463 0.40681614478174716
464 0.4066966841887258
465 0.4065773113796732
466 0.4064580263699457
467 0.4063388291747073
468 0.40621971980892624
469 0.40610069828737266
470 0.40598176462461677
471 0.40586291883502557
472 0.4057441609327606
473 0.4056254909317761
474 0.4055069088458156
475 0.405388414688411
476 0.40527000847287903
477 0.4051516902123193
478 0.4050334599196124
479 0.4049153176074176
480 0.4047972632881702
481 0.4046792969740802
482 0.4045614186771294
483 0.4044436284090698
484 0.4043259261814213
485 0.40420831200547
486 0.40409078589226594
487 0.40397334785262096
488 0.40385599789710747
489 0.40373873603605587
490 0.40362156227955304
491 0.40350447663744027
492 0.4033874791193118
493 0.40327056973451264
494 0.4031537484921374
495 0.4030370154010281
496 0.4029203704697723
497 0.4028038137067025
498 0.40268734511989296
499 0.4025709647171597
500 0.4024546725060578
501 0.4023384684938806
502 0.40222235268765755
503 0.4021063250941534
504 0.40199038571986623
505 0.4018745345710265
506 0.40175877165359525
507 0.401643096973263
508 0.4015275105354484
509 0.401412012345297
510 0.40129660240767967
511 0.40118128072719184
512 0.40106604730815193
513 0.4009509021546003
514 0.40083584527029814
515 0.4007208766587263
516 0.40060599632308413
517 0.4004912042662887
518 0.4003765004909731
519 0.4002618849994865
520 0.400147357793892
521 0.4000329188759665
522 0.3999185682471992
523 0.3998043059087915
524 0.3996901318616551
525 0.39957604610641184
526 0.3994620486433927
527 0.39934813947263675
528 0.3992343185938911
529 0.3991205860066092
530 0.39900694170995077
531 0.39889338570278077
532 0.398779917983669
533 0.3986665385508893
534 0.3985532474024189
535 0.3984400445359378
536 0.39832692994882823
537 0.39821390363817427
538 0.3981009656007612
539 0.39798811583307464
540 0.3978753543313007
541 0.3977626810913251
542 0.3976500961087329
543 0.397537599378808
544 0.3974251908965327
545 0.3973128706565876
546 0.39720063865335103
547 0.3970884948808986
548 0.3969764393330032
549 0.39686447200313474
550 0.39675259288445963
551 0.3966408019698404
552 0.3965290992518362
553 0.3964174847227019
554 0.39630595837438803
555 0.39619452019854123
556 0.3960831701865031
557 0.395971908329311
558 0.3958607346176976
559 0.39574964904209065
560 0.395638651592613
561 0.39552774225908305
562 0.39541692103101383
563 0.3953061878976139
564 0.39519554284778685
565 0.3950849858701314
566 0.3949745169529417
567 0.39486413608420706
568 0.3947538432516124
569 0.3946436384425382
570 0.3945335216440603
571 0.3944234928429509
572 0.3943135520256779
573 0.39420369917840536
574 0.3940939342869938
575 0.3939842573370005
576 0.3938746683136793
577 0.39376516720198135
578 0.3936557539865552
579 0.3935464286517468
580 0.39343719118160037
581 0.3933280415598581
582 0.39321897976996084
583 0.39311000579504857
584 0.39300111961796036
585 0.392892321221235
586 0.3927836105871114
587 0.39267498769752895
588 0.3925664525341277
589 0.39245800507824935
590 0.3923496453109371
591 0.39224137321293656
592 0.3921331887646959
593 0.3920250919463665
594 0.39191708273780346
595 0.39180916111856623
596 0.39170132706791866
597 0.39159358056483023
598 0.39148592158797585
599 0.39137835011573724
600 0.39127086612620265
601 0.3911634695971683
602 0.3910561605061383
603 0.39094893883032544
604 0.39084180454665224
605 0.39073475763175103
606 0.3906277980619648
607 0.3905209258133479
608 0.39041414086166665
609 0.3903074431824002
610 0.3902008327507408
611 0.39009430954159496
612 0.389987873529584
613 0.38988152468904463
614 0.3897752629940299
615 0.38966908841830966
616 0.3895630009353717
617 0.38945700051842214
618 0.3893510871403863
619 0.3892452607739098
620 0.3891395213913588
621 0.38903386896482123
622 0.38892830346610735
623 0.38882282486675074
624 0.38871743313800905
625 0.38861212825086455
626 0.3885069101760256
627 0.388401778883927
628 0.38829673434473105
629 0.3881917765283279
630 0.3880869054043375
631 0.38798212094210954
632 0.3878774231107243
633 0.38777281187899465
634 0.3876682872154654
635 0.3875638490884154
636 0.3874594974658579
637 0.38735523231554175
638 0.38725105360495177
639 0.38714696130131065
640 0.3870429553715789
641 0.38693903578245636
642 0.386835202500383
643 0.38673145549154
644 0.38662779472185016
645 0.38652422015698007
646 0.38642073176233954
647 0.3863173295030839
648 0.38621401334411404
649 0.38611078325007814
650 0.38600763918537223
651 0.38590458111414105
652 0.38580160900027954
653 0.3856987228074335
654 0.3855959224990008
655 0.38549320803813203
656 0.38539057938773214
657 0.3852880365104608
658 0.3851855793687339
659 0.38508320792472445
660 0.38498092214036345
661 0.3848787219773412
662 0.3847766073971081
663 0.3846745783608761
664 0.38457263482961906
665 0.38447077676407443
666 0.3843690041247443
667 0.3842673168718957
668 0.38416571496556284
669 0.3840641983655471
670 0.3839627670314189
671 0.3838614209225181
672 0.38376015999795576
673 0.38365898421661454
674 0.38355789353715036
675 0.3834568879179931
676 0.3833559673173478
677 0.3832551316931959
678 0.38315438100329613
679 0.38305371520518566
680 0.38295313425618116
681 0.38285263811338005
682 0.3827522267336614
683 0.3826519000736872
684 0.3825516580899033
685 0.3824515007385406
686 0.38235142797561633
687 0.3822514397569346
688 0.3821515360380882
689 0.3820517167744593
690 0.3819519819212207
691 0.38185233143333674
692 0.3817527652655647
693 0.38165328337245563
694 0.3815538857083558
695 0.3814545722274074
696 0.3813553428835501
697 0.38125619763052176
698 0.3811571364218598
699 0.38105815921090214
700 0.3809592659507886
701 0.38086045659446166
702 0.3807617310946678
703 0.3806630894039586
704 0.3805645314746918
705 0.3804660572590325
706 0.380367666708954
707 0.3802693597762393
708 0.3801711364124821
709 0.3800729965690879
710 0.37997494019727474
711 0.37987696724807507
712 0.37977907767233615
713 0.3796812714207217
714 0.37958354844371256
715 0.37948590869160825
716 0.37938835211452776
717 0.3792908786624107
718 0.3791934882850185
719 0.37909618093193553
720 0.37899895655257027
721 0.37890181509615617
722 0.3788047565117529
723 0.3787077807482476
724 0.3786108877543558
725 0.37851407747862265
726 0.37841734986942377
727 0.37832070487496666
728 0.3782241424432918
729 0.3781276625222733
730 0.37803126505962076
731 0.3779349500028796
732 0.37783871729943264
733 0.377742566896501
734 0.37764649874114525
735 0.3775505127802665
736 0.3774546089606076
737 0.37735878722875393
738 0.3772630475311347
739 0.37716738981402403
740 0.37707181402354206
741 0.3769763201056559
742 0.37688090800618096
743 0.3767855776707815
744 0.3766903290449724
745 0.37659516207411975
746 0.37650007670344215
747 0.3764050728780115
748 0.3763101505427545
749 0.37621530964245337
750 0.3761205501217469
751 0.37602587192513187
752 0.37593127499696366
753 0.37583675928145766
754 0.37574232472269015
755 0.37564797126459937
756 0.37555369885098655
757 0.37545950742551704
758 0.3753653969317212
759 0.3752713673129957
760 0.3751774185126044
761 0.37508355047367925
762 0.3749897631392215
763 0.3748960564521029
764 0.3748024303550663
765 0.37470888479072695
766 0.37461541970157364
767 0.37452203502996945
768 0.37442873071815286
769 0.37433550670823884
770 0.3742423629422198
771 0.3741492993619666
772 0.3740563159092297
773 0.37396341252563986
774 0.3738705891527095
775 0.37377784573183326
776 0.3736851822042896
777 0.37359259851124127
778 0.37350009459373645
779 0.37340767039270994
780 0.3733153258489838
781 0.3732230609032686
782 0.3731308754961644
783 0.37303876956816157
784 0.37294674305964165
785 0.3728547959108789
786 0.37276292806204053
787 0.37267113945318814
788 0.37257943002427857
789 0.3724877997151648
790 0.37239624846559705
791 0.37230477621522345
792 0.3722133829035913
793 0.3721220684701479
794 0.3720308328542412
795 0.37193967599512145
796 0.37184859783194146
797 0.3717575983037577
798 0.3716666773495314
799 0.37157583490812957
800 0.3714850709183254
801 0.37139438531879965
802 0.37130377804814163
803 0.3712132490448496
804 0.3711227982473322
805 0.3710324255939092
806 0.37094213102281204
807 0.3708519144721855
808 0.3707617758800879
809 0.3706717151844922
810 0.37058173232328706
811 0.3704918272342776
812 0.37040199985518624
813 0.37031225012365354
814 0.37022257797723934
815 0.3701329833534234
816 0.37004346618960626
817 0.36995402642311037
818 0.36986466399118045
819 0.3697753788309851
820 0.36968617087961675
821 0.3695970400740933
822 0.3695079863513586
823 0.3694190096482833
824 0.36933010990166576
825 0.3692412870482329
826 0.369152541024641
827 0.3690638717674766
828 0.3689752792132573
829 0.36888676329843245
830 0.36879832395938417
831 0.3687099611324281
832 0.3686216747538141
833 0.3685334647597273
834 0.3684453310862888
835 0.3683572736695564
836 0.3682692924455254
837 0.3681813873501296
838 0.36809355831924184
839 0.36800580528867494
840 0.36791812819418246
841 0.36783052697145946
842 0.3677430015561434
843 0.3676555518838149
844 0.367568177889998
845 0.36748087951016184
846 0.36739365667972085
847 0.3673065093340355
848 0.3672194374084134
849 0.36713244083810953
850 0.36704551955832754
851 0.3669586735042203
852 0.36687190261089053
853 0.36678520681339166
854 0.3666985860467285
855 0.3666120402458581
856 0.36652556934569036
857 0.3664391732810889
858 0.3663528519868716
859 0.36626660539781136
860 0.3661804334486371
861 0.3660943360740341
862 0.36600831320864474
863 0.36592236478706974
864 0.36583649074386815
865 0.36575069101355856
866 0.3656649655306194
867 0.36557931422948997
868 0.3654937370445711
869 0.36540823391022564
870 0.36532280476077933
871 0.3652374495305214
872 0.3651521681537052
873 0.3650669605645491
874 0.36498182669723683
875 0.3648967664859184
876 0.36481177986471075
877 0.3647268667676983
878 0.3646420271289336
879 0.36455726088243834
880 0.3644725679622033
881 0.36438794830218973
882 0.3643034018363295
883 0.3642189284985261
884 0.364134528222655
885 0.36405020094256435
886 0.3639659465920759
887 0.36388176510498493
888 0.36379765641506195
889 0.3637136204560522
890 0.363629657161677
891 0.3635457664656341
892 0.36346194830159834
893 0.36337820260322234
894 0.36329452930413697
895 0.36321092833795204
896 0.36312739963825685
897 0.36304394313862076
898 0.3629605587725941
899 0.362877246473708
900 0.3627940061754761
901 0.362710837811394
902 0.3626277413149407
903 0.36254471661957866
904 0.3624617636587546
905 0.3623788823659
906 0.3622960726744318
907 0.36221333451775267
908 0.36213066782925196
909 0.36204807254230603
910 0.3619655485902788
911 0.3618830959065222
912 0.3618007144243771
913 0.3617184040771736
914 0.3616361647982315
915 0.36155399652086095
916 0.3614718991783632
917 0.3613898727040304
918 0.3613079170311473
919 0.36122603209299076
920 0.36114421782283057
921 0.3610624741539302
922 0.36098080101954727
923 0.3608991983529339
924 0.360817666087337
925 0.36073620415599955
926 0.36065481249216025
927 0.36057349102905467
928 0.36049223969991545
929 0.3604110584379725
930 0.3603299471764543
931 0.3602489058485878
932 0.3601679343875989
933 0.3600870327267133
934 0.36000620079915635
935 0.3599254385381545
936 0.35984474587693493
937 0.3597641227487264
938 0.35968356908675947
939 0.3596030848242675
940 0.3595226698944863
941 0.3594423242306557
942 0.3593620477660186
943 0.35928184043382294
944 0.35920170216732095
945 0.35912163289977034
946 0.35904163256443433
947 0.3589617010945823
948 0.35888183842349014
949 0.358802044484441
950 0.35872231921072506
951 0.35864266253564087
952 0.35856307439249485
953 0.3584835547146026
954 0.3584041034352884
955 0.3583247204878866
956 0.3582454058057414
957 0.35816615932220736
958 0.35808698097065017
959 0.3580078706844465
960 0.357928828396985
961 0.3578498540416663
962 0.35777094755190353
963 0.35769210886112285
964 0.3576133379027636
965 0.3575346346102791
966 0.35745599891713664
967 0.35737743075681794
968 0.35729893006281976
969 0.35722049676865425
970 0.35714213080784923
971 0.35706383211394843
972 0.35698560062051227
973 0.35690743626111776
974 0.3568293389693595
975 0.3567513086788493
976 0.35667334532321726
977 0.35659544883611166
978 0.3565176191511995
979 0.35643985620216695
980 0.35636215992271947
981 0.35628453024658246
982 0.35620696710750144
983 0.35612947043924237
984 0.3560520401755922
985 0.35597467625035906
986 0.3558973785973726
987 0.3558201471504844
988 0.3557429818435683
989 0.35566588261052084
990 0.3555888493852614
991 0.35551188210173257
992 0.3554349806939008
993 0.35535814509575614
994 0.35528137524131326
995 0.3552046710646112
996 0.3551280324997139
997 0.35505145948071093
998 0.35497495194171685
999 0.35489850981687254
