E_1A: 0.5416794752305181
E_1B: 0.44735249368273733
E_LA_A: 0.37152389175458894
E_LA_B: 0.28418891035435334
E_LB_A: 0.5459148315099092
E_LB_B: 0.31718982806154017
