E_1A: 0.5416794752305181
E_1B: 1.973050381869266
E_LA_A: 0.37152389175458894
E_LA_B: 0.51915021311972
E_LB_A: 0.6319414292146692
E_LB_B: -0.00824809852494485
