E_1A: 0.5416794752305181
E_1B: 2.234906431855315
E_LA_A: 0.37152389175458894
E_LA_B: 0.4731519840956447
E_LB_A: 2.0635790818241686
E_LB_B: 2.052661167041317
